 --Converted with ttyyuu12345's model to script plugin v4
function sandbox(var,func)
	local env = getfenv(func)
	local newenv = setmetatable({},{
		__index = function(self,k)
			if k=="script" then
				return var
			else
				return env[k]
			end
		end,
	})
	setfenv(func,newenv)
	return func
end
cors = {}
mas = Instance.new("Model",game:GetService("Lighting"))
Model0 = Instance.new("Model")
Model1 = Instance.new("Model")
Part2 = Instance.new("Part")
SpecialMesh3 = Instance.new("SpecialMesh")
Weld4 = Instance.new("Weld")
Part5 = Instance.new("Part")
Snap6 = Instance.new("Snap")
Motor7 = Instance.new("Motor")
Motor8 = Instance.new("Motor")
Motor9 = Instance.new("Motor")
Sound10 = Instance.new("Sound")
Script11 = Instance.new("Script")
Weld12 = Instance.new("Weld")
Weld13 = Instance.new("Weld")
Sound14 = Instance.new("Sound")
Part15 = Instance.new("Part")
Weld16 = Instance.new("Weld")
Weld17 = Instance.new("Weld")
Part18 = Instance.new("Part")
Weld19 = Instance.new("Weld")
Weld20 = Instance.new("Weld")
IntValue21 = Instance.new("IntValue")
IntValue22 = Instance.new("IntValue")
IntValue23 = Instance.new("IntValue")
IntValue24 = Instance.new("IntValue")
Part25 = Instance.new("Part")
Weld26 = Instance.new("Weld")
Weld27 = Instance.new("Weld")
Weld28 = Instance.new("Weld")
Weld29 = Instance.new("Weld")
Weld30 = Instance.new("Weld")
Weld31 = Instance.new("Weld")
Weld32 = Instance.new("Weld")
Weld33 = Instance.new("Weld")
Weld34 = Instance.new("Weld")
Weld35 = Instance.new("Weld")
Weld36 = Instance.new("Weld")
Weld37 = Instance.new("Weld")
Weld38 = Instance.new("Weld")
Weld39 = Instance.new("Weld")
Weld40 = Instance.new("Weld")
Weld41 = Instance.new("Weld")
Weld42 = Instance.new("Weld")
Weld43 = Instance.new("Weld")
Weld44 = Instance.new("Weld")
Weld45 = Instance.new("Weld")
Weld46 = Instance.new("Weld")
Weld47 = Instance.new("Weld")
Weld48 = Instance.new("Weld")
Weld49 = Instance.new("Weld")
Weld50 = Instance.new("Weld")
Weld51 = Instance.new("Weld")
Weld52 = Instance.new("Weld")
Weld53 = Instance.new("Weld")
Weld54 = Instance.new("Weld")
Weld55 = Instance.new("Weld")
Weld56 = Instance.new("Weld")
Weld57 = Instance.new("Weld")
Weld58 = Instance.new("Weld")
Weld59 = Instance.new("Weld")
Weld60 = Instance.new("Weld")
Weld61 = Instance.new("Weld")
Weld62 = Instance.new("Weld")
Weld63 = Instance.new("Weld")
Weld64 = Instance.new("Weld")
Weld65 = Instance.new("Weld")
Weld66 = Instance.new("Weld")
Weld67 = Instance.new("Weld")
Weld68 = Instance.new("Weld")
Weld69 = Instance.new("Weld")
Weld70 = Instance.new("Weld")
Part71 = Instance.new("Part")
Weld72 = Instance.new("Weld")
Script73 = Instance.new("Script")
Script74 = Instance.new("Script")
Script75 = Instance.new("Script")
Script76 = Instance.new("Script")
Script77 = Instance.new("Script")
Humanoid78 = Instance.new("Humanoid")
Model79 = Instance.new("Model")
Part80 = Instance.new("Part")
SpecialMesh81 = Instance.new("SpecialMesh")
Part82 = Instance.new("Part")
SpecialMesh83 = Instance.new("SpecialMesh")
Part84 = Instance.new("Part")
Weld85 = Instance.new("Weld")
Weld86 = Instance.new("Weld")
Weld87 = Instance.new("Weld")
Weld88 = Instance.new("Weld")
Weld89 = Instance.new("Weld")
Weld90 = Instance.new("Weld")
Weld91 = Instance.new("Weld")
Weld92 = Instance.new("Weld")
Weld93 = Instance.new("Weld")
Weld94 = Instance.new("Weld")
Part95 = Instance.new("Part")
SpecialMesh96 = Instance.new("SpecialMesh")
Part97 = Instance.new("Part")
SpecialMesh98 = Instance.new("SpecialMesh")
Part99 = Instance.new("Part")
SpecialMesh100 = Instance.new("SpecialMesh")
Part101 = Instance.new("Part")
SpecialMesh102 = Instance.new("SpecialMesh")
Part103 = Instance.new("Part")
SpecialMesh104 = Instance.new("SpecialMesh")
Part105 = Instance.new("Part")
SpecialMesh106 = Instance.new("SpecialMesh")
Part107 = Instance.new("Part")
SpecialMesh108 = Instance.new("SpecialMesh")
Model109 = Instance.new("Model")
Part110 = Instance.new("Part")
Weld111 = Instance.new("Weld")
Weld112 = Instance.new("Weld")
Weld113 = Instance.new("Weld")
Weld114 = Instance.new("Weld")
Weld115 = Instance.new("Weld")
Weld116 = Instance.new("Weld")
Weld117 = Instance.new("Weld")
Weld118 = Instance.new("Weld")
Weld119 = Instance.new("Weld")
Weld120 = Instance.new("Weld")
Part121 = Instance.new("Part")
SpecialMesh122 = Instance.new("SpecialMesh")
Part123 = Instance.new("Part")
SpecialMesh124 = Instance.new("SpecialMesh")
Part125 = Instance.new("Part")
SpecialMesh126 = Instance.new("SpecialMesh")
Part127 = Instance.new("Part")
SpecialMesh128 = Instance.new("SpecialMesh")
Part129 = Instance.new("Part")
SpecialMesh130 = Instance.new("SpecialMesh")
Part131 = Instance.new("Part")
SpecialMesh132 = Instance.new("SpecialMesh")
Part133 = Instance.new("Part")
SpecialMesh134 = Instance.new("SpecialMesh")
Part135 = Instance.new("Part")
SpecialMesh136 = Instance.new("SpecialMesh")
Part137 = Instance.new("Part")
SpecialMesh138 = Instance.new("SpecialMesh")
Model139 = Instance.new("Model")
Part140 = Instance.new("Part")
Weld141 = Instance.new("Weld")
Weld142 = Instance.new("Weld")
Weld143 = Instance.new("Weld")
Weld144 = Instance.new("Weld")
Weld145 = Instance.new("Weld")
Weld146 = Instance.new("Weld")
Weld147 = Instance.new("Weld")
Weld148 = Instance.new("Weld")
Weld149 = Instance.new("Weld")
Weld150 = Instance.new("Weld")
Weld151 = Instance.new("Weld")
Weld152 = Instance.new("Weld")
Weld153 = Instance.new("Weld")
Weld154 = Instance.new("Weld")
Weld155 = Instance.new("Weld")
Weld156 = Instance.new("Weld")
Weld157 = Instance.new("Weld")
Weld158 = Instance.new("Weld")
Weld159 = Instance.new("Weld")
Weld160 = Instance.new("Weld")
Weld161 = Instance.new("Weld")
Weld162 = Instance.new("Weld")
Weld163 = Instance.new("Weld")
Weld164 = Instance.new("Weld")
Weld165 = Instance.new("Weld")
Weld166 = Instance.new("Weld")
Part167 = Instance.new("Part")
SpecialMesh168 = Instance.new("SpecialMesh")
Part169 = Instance.new("Part")
SpecialMesh170 = Instance.new("SpecialMesh")
Part171 = Instance.new("Part")
SpecialMesh172 = Instance.new("SpecialMesh")
Part173 = Instance.new("Part")
SpecialMesh174 = Instance.new("SpecialMesh")
Part175 = Instance.new("Part")
SpecialMesh176 = Instance.new("SpecialMesh")
Part177 = Instance.new("Part")
SpecialMesh178 = Instance.new("SpecialMesh")
Part179 = Instance.new("Part")
SpecialMesh180 = Instance.new("SpecialMesh")
Part181 = Instance.new("Part")
SpecialMesh182 = Instance.new("SpecialMesh")
Part183 = Instance.new("Part")
SpecialMesh184 = Instance.new("SpecialMesh")
Part185 = Instance.new("Part")
SpecialMesh186 = Instance.new("SpecialMesh")
Part187 = Instance.new("Part")
Weld188 = Instance.new("Weld")
SpecialMesh189 = Instance.new("SpecialMesh")
Part190 = Instance.new("Part")
Weld191 = Instance.new("Weld")
SpecialMesh192 = Instance.new("SpecialMesh")
Part193 = Instance.new("Part")
SpecialMesh194 = Instance.new("SpecialMesh")
Part195 = Instance.new("Part")
SpecialMesh196 = Instance.new("SpecialMesh")
Part197 = Instance.new("Part")
SpecialMesh198 = Instance.new("SpecialMesh")
Part199 = Instance.new("Part")
SpecialMesh200 = Instance.new("SpecialMesh")
Part201 = Instance.new("Part")
SpecialMesh202 = Instance.new("SpecialMesh")
Part203 = Instance.new("Part")
SpecialMesh204 = Instance.new("SpecialMesh")
Part205 = Instance.new("Part")
SpecialMesh206 = Instance.new("SpecialMesh")
Part207 = Instance.new("Part")
SpecialMesh208 = Instance.new("SpecialMesh")
Part209 = Instance.new("Part")
SpecialMesh210 = Instance.new("SpecialMesh")
Part211 = Instance.new("Part")
SpecialMesh212 = Instance.new("SpecialMesh")
Part213 = Instance.new("Part")
SpecialMesh214 = Instance.new("SpecialMesh")
Part215 = Instance.new("Part")
SpecialMesh216 = Instance.new("SpecialMesh")
Part217 = Instance.new("Part")
SpecialMesh218 = Instance.new("SpecialMesh")
Model219 = Instance.new("Model")
Part220 = Instance.new("Part")
Weld221 = Instance.new("Weld")
Weld222 = Instance.new("Weld")
Weld223 = Instance.new("Weld")
Weld224 = Instance.new("Weld")
Weld225 = Instance.new("Weld")
Weld226 = Instance.new("Weld")
Weld227 = Instance.new("Weld")
Weld228 = Instance.new("Weld")
Weld229 = Instance.new("Weld")
Weld230 = Instance.new("Weld")
Weld231 = Instance.new("Weld")
Weld232 = Instance.new("Weld")
Weld233 = Instance.new("Weld")
Weld234 = Instance.new("Weld")
Weld235 = Instance.new("Weld")
Part236 = Instance.new("Part")
SpecialMesh237 = Instance.new("SpecialMesh")
Part238 = Instance.new("Part")
SpecialMesh239 = Instance.new("SpecialMesh")
Part240 = Instance.new("Part")
SpecialMesh241 = Instance.new("SpecialMesh")
Part242 = Instance.new("Part")
SpecialMesh243 = Instance.new("SpecialMesh")
Part244 = Instance.new("Part")
SpecialMesh245 = Instance.new("SpecialMesh")
Part246 = Instance.new("Part")
SpecialMesh247 = Instance.new("SpecialMesh")
Part248 = Instance.new("Part")
SpecialMesh249 = Instance.new("SpecialMesh")
Part250 = Instance.new("Part")
SpecialMesh251 = Instance.new("SpecialMesh")
Part252 = Instance.new("Part")
SpecialMesh253 = Instance.new("SpecialMesh")
Part254 = Instance.new("Part")
SpecialMesh255 = Instance.new("SpecialMesh")
Part256 = Instance.new("Part")
SpecialMesh257 = Instance.new("SpecialMesh")
Part258 = Instance.new("Part")
SpecialMesh259 = Instance.new("SpecialMesh")
Part260 = Instance.new("Part")
SpecialMesh261 = Instance.new("SpecialMesh")
Part262 = Instance.new("Part")
SpecialMesh263 = Instance.new("SpecialMesh")
Model264 = Instance.new("Model")
Part265 = Instance.new("Part")
Weld266 = Instance.new("Weld")
Weld267 = Instance.new("Weld")
Weld268 = Instance.new("Weld")
Weld269 = Instance.new("Weld")
Weld270 = Instance.new("Weld")
Weld271 = Instance.new("Weld")
Weld272 = Instance.new("Weld")
Weld273 = Instance.new("Weld")
Weld274 = Instance.new("Weld")
Weld275 = Instance.new("Weld")
Weld276 = Instance.new("Weld")
Weld277 = Instance.new("Weld")
Weld278 = Instance.new("Weld")
Weld279 = Instance.new("Weld")
Weld280 = Instance.new("Weld")
Part281 = Instance.new("Part")
SpecialMesh282 = Instance.new("SpecialMesh")
Part283 = Instance.new("Part")
SpecialMesh284 = Instance.new("SpecialMesh")
Part285 = Instance.new("Part")
SpecialMesh286 = Instance.new("SpecialMesh")
Part287 = Instance.new("Part")
SpecialMesh288 = Instance.new("SpecialMesh")
Part289 = Instance.new("Part")
SpecialMesh290 = Instance.new("SpecialMesh")
Part291 = Instance.new("Part")
SpecialMesh292 = Instance.new("SpecialMesh")
Part293 = Instance.new("Part")
SpecialMesh294 = Instance.new("SpecialMesh")
Part295 = Instance.new("Part")
SpecialMesh296 = Instance.new("SpecialMesh")
Part297 = Instance.new("Part")
SpecialMesh298 = Instance.new("SpecialMesh")
Part299 = Instance.new("Part")
SpecialMesh300 = Instance.new("SpecialMesh")
Part301 = Instance.new("Part")
SpecialMesh302 = Instance.new("SpecialMesh")
Part303 = Instance.new("Part")
SpecialMesh304 = Instance.new("SpecialMesh")
Part305 = Instance.new("Part")
SpecialMesh306 = Instance.new("SpecialMesh")
Part307 = Instance.new("Part")
SpecialMesh308 = Instance.new("SpecialMesh")
Model309 = Instance.new("Model")
Script310 = Instance.new("Script")
Script311 = Instance.new("Script")
Model0.Name = "ZOMBIEMAIN"
Model0.Parent = mas
Model1.Name = "ZOMBIE"
Model1.Parent = Model0
Part2.Name = "Head"
Part2.Parent = Model1
Part2.CFrame = CFrame.new(8.87712383, 40.3440094, 22.7257824, -0.740272105, 0.0492792316, -0.67049706, -1.35778055e-08, 0.997308791, 0.0732987672, 0.672306418, 0.0542610548, -0.738279879)
Part2.Orientation = Vector3.new(-4.1999998092651, -137.75, 0)
Part2.Position = Vector3.new(8.8771238327026, 40.344009399414, 22.725782394409)
Part2.Rotation = Vector3.new(-174.33000183105, -42.110000610352, -176.19000244141)
Part2.Color = Color3.new(0.972549, 0.972549, 0.972549)
Part2.Transparency = 0.99000000953674
Part2.Size = Vector3.new(2, 1, 1)
Part2.BrickColor = BrickColor.new("Institutional white")
Part2.Friction = 0
Part2.TopSurface = Enum.SurfaceType.Smooth
Part2.brickColor = BrickColor.new("Institutional white")
Part2.FormFactor = Enum.FormFactor.Symmetric
Part2.formFactor = Enum.FormFactor.Symmetric
SpecialMesh3.Parent = Part2
SpecialMesh3.Scale = Vector3.new(1.25, 1.25, 1.25)
Weld4.Parent = Part2
Weld4.C0 = CFrame.new(67.6102982, -6.2000885, -90.7102585, 0.999999762, 8.8817842e-16, 5.68434189e-14, 6.21724894e-15, 0.999999166, 1.49011612e-08, -2.84217094e-14, 1.49011612e-08, 0.999998927)
Weld4.C1 = CFrame.new(67.6102829, -11.3196754, -90.0858536, 0.999999762, -1.03477831e-08, 1.52952907e-07, -8.91322682e-10, 0.997309625, 0.0732988343, -1.53299993e-07, -0.0732988194, 0.997309387)
Weld4.Part0 = Part2
Weld4.Part1 = Part5
Weld4.part1 = Part5
Part5.Name = "Torso"
Part5.Parent = Model1
Part5.CFrame = CFrame.new(8.82725906, 38.8313332, 22.6708317, -0.740272582, -8.56590798e-09, -0.672306597, -1.26864945e-08, 1, 1.22795163e-09, 0.672306597, 9.43823064e-09, -0.740272582)
Part5.Orientation = Vector3.new(0, -137.75, 0)
Part5.Position = Vector3.new(8.8272590637207, 38.8313331604, 22.670831680298)
Part5.Rotation = Vector3.new(-180, -42.25, 180)
Part5.Color = Color3.new(0.105882, 0.164706, 0.207843)
Part5.Transparency = 1
Part5.Size = Vector3.new(2, 2, 1)
Part5.BrickColor = BrickColor.new("Black")
Part5.Friction = 0
Part5.LeftParamA = 0
Part5.LeftParamB = 0
Part5.RightParamA = 0
Part5.RightParamB = 0
Part5.brickColor = BrickColor.new("Black")
Part5.FormFactor = Enum.FormFactor.Symmetric
Part5.formFactor = Enum.FormFactor.Symmetric
Snap6.Name = "Neck"
Snap6.Parent = Part5
Snap6.C0 = CFrame.new(0, 1, 0, -1, 0, 0, 0, 0, 1, 0, 1, -0)
Snap6.C1 = CFrame.new(0, -0.5, 0, -1, 0, 0, 0, 0, 1, 0, 1, -0)
Motor7.Name = "Right Hip"
Motor7.Parent = Part5
Motor7.MaxVelocity = 0.5
Motor7.C0 = CFrame.new(1, -1, 0, 0, 0, 1, 0, 1, -0, -1, 0, 0)
Motor7.C1 = CFrame.new(0.5, 1, 0, 0, 0, 1, 0, 1, -0, -1, 0, 0)
Motor7.Part0 = Part5
Motor7.Part1 = Part18
Motor7.part1 = Part18
Motor8.Name = "Left Shoulder"
Motor8.Parent = Part5
Motor8.MaxVelocity = 0.15000000596046
Motor8.C0 = CFrame.new(2, 0.5, 0, 0, 0, -1, 0, 1, 0, 1, 0, 0)
Motor8.C1 = CFrame.new(0.5, 0.5, 0, 0, 0, -1, 0, 1, 0, 1, 0, 0)
Motor8.Part0 = Part71
Motor8.Part1 = Part5
Motor8.part1 = Part5
Motor9.Name = "Right Shoulder"
Motor9.Parent = Part5
Motor9.MaxVelocity = 0.15000000596046
Motor9.C0 = CFrame.new(-2, 0.5, 0, 0, 0, 1, 0, 1, -0, -1, 0, 0)
Motor9.C1 = CFrame.new(-0.5, 0.5, 0, 0, 0, 1, 0, 1, -0, -1, 0, 0)
Motor9.Part0 = Part25
Motor9.Part1 = Part5
Motor9.part1 = Part5
Sound10.Name = "Scream_Unused"
Sound10.Parent = Part5
Sound10.Pitch = 2
Sound10.PlaybackSpeed = 2
Sound10.SoundId = "http://www.roblox.com/asset/?id=11984351"
Sound10.Volume = 1
Script11.Name = "ScaryScript"
Script11.Parent = Part5
table.insert(cors,sandbox(Script11,function()
function onTouch()
	script.Parent.Scream:play()
	end
script.Parent.Touched:connect(onTouch)

end))
Weld12.Parent = Part5
Weld12.C0 = CFrame.new(67.6102829, -11.3196754, -90.0858536, 0.999999762, -1.03477831e-08, 1.52952907e-07, -8.91322682e-10, 0.997309625, 0.0732988343, -1.53299993e-07, -0.0732988194, 0.997309387)
Weld12.C1 = CFrame.new(68.1102829, -9.31966782, -90.0857544, 0.999999762, -1.03477689e-08, 1.52952765e-07, -8.91318297e-10, 0.997308552, 0.0732987523, -1.53299965e-07, -0.0732987374, 0.997308314)
Weld12.Part0 = Part5
Weld12.Part1 = Part15
Weld12.part1 = Part15
Weld13.Parent = Part5
Weld13.Part0 = Part5
Weld13.Part1 = Part140
Weld13.part1 = Part140
Sound14.Name = "Scream"
Sound14.Parent = Part5
Sound14.Pitch = 2
Sound14.PlaybackSpeed = 2
Sound14.SoundId = "http://www.roblox.com/asset/?id=5490364267"
Sound14.Volume = 1
Part15.Name = "Left Leg"
Part15.Parent = Model1
Part15.CFrame = CFrame.new(9.19757843, 36.8313065, 22.3349247, -0.740272224, -3.55682284e-09, -0.672305048, -1.26864812e-08, 0.999998093, 1.22794874e-09, 0.672306299, 1.49536774e-08, -0.740270853)
Part15.Orientation = Vector3.new(0, -137.75, 0)
Part15.Position = Vector3.new(9.1975784301758, 36.83130645752, 22.334924697876)
Part15.Rotation = Vector3.new(-180, -42.25, 180)
Part15.Transparency = 1
Part15.Size = Vector3.new(1, 2, 1)
Part15.BottomSurface = Enum.SurfaceType.Smooth
Part15.CanCollide = false
Part15.FormFactor = Enum.FormFactor.Symmetric
Part15.formFactor = Enum.FormFactor.Symmetric
Weld16.Parent = Part15
Weld16.C0 = CFrame.new(68.1102219, -9.31963348, -90.0853348, 0.999999285, -1.03477529e-08, 1.52952595e-07, -8.9131269e-10, 0.997307718, 0.0732986853, -1.53299879e-07, -0.073298648, 0.997307062)
Weld16.C1 = CFrame.new(67.1102219, -9.3196125, -90.085144, 0.999999285, -1.03477262e-08, 1.5295231e-07, -8.91304697e-10, 0.997305572, 0.0732985288, -1.53299837e-07, -0.0732984915, 0.997304916)
Weld16.Part0 = Part15
Weld16.Part1 = Part18
Weld16.part1 = Part18
Weld17.Parent = Part15
Weld17.Part0 = Part15
Weld17.Part1 = Part84
Weld17.part1 = Part84
Part18.Name = "Right Leg"
Part18.Parent = Model1
Part18.CFrame = CFrame.new(8.45785904, 36.8312187, 23.0079765, -0.740271151, 1.45224566e-09, -0.672299623, -1.26864395e-08, 0.999991357, -6.22262775e-09, 0.672305346, 2.04690398e-08, -0.740264893)
Part18.Orientation = Vector3.new(0, -137.75, 0)
Part18.Position = Vector3.new(8.4578590393066, 36.831218719482, 23.007976531982)
Part18.Rotation = Vector3.new(180, -42.240001678467, -180)
Part18.Transparency = 1
Part18.Size = Vector3.new(1, 2, 1)
Part18.BottomSurface = Enum.SurfaceType.Smooth
Part18.CanCollide = false
Part18.FormFactor = Enum.FormFactor.Symmetric
Part18.formFactor = Enum.FormFactor.Symmetric
Weld19.Parent = Part18
Weld19.C0 = CFrame.new(67.1100311, -9.31948471, -90.0836868, 1, -1.03478e-08, 1.52952794e-07, -8.91282548e-10, 0.997310162, 0.07329873, -1.53299837e-07, -0.0732987374, 0.997310042)
Weld19.C1 = CFrame.new(66.1100311, -11.3193903, -90.083313, 1, -1.03478088e-08, 1.52952722e-07, -8.9126645e-10, 0.997310042, 0.07329873, -1.53299752e-07, -0.07329873, 0.997310102)
Weld19.Part0 = Part18
Weld19.Part1 = Part25
Weld19.part1 = Part25
Weld20.Parent = Part18
Weld20.Part0 = Part18
Weld20.Part1 = Part110
Weld20.part1 = Part110
IntValue21.Name = "Mode"
IntValue21.Parent = Model1
IntValue22.Name = "agent11191"
IntValue22.Parent = IntValue21
IntValue23.Name = "Mode"
IntValue23.Parent = IntValue21
IntValue24.Name = "Mode"
IntValue24.Parent = IntValue21
Part25.Name = "Right Arm"
Part25.Parent = Model1
Part25.CFrame = CFrame.new(7.71783924, 38.8311081, 23.6805592, -0.740271151, 6.46125775e-09, -0.672299683, -1.26864572e-08, 0.999991477, -6.22262863e-09, 0.672305346, 2.59844537e-08, -0.740264952)
Part25.Orientation = Vector3.new(0, -137.75, 0)
Part25.Position = Vector3.new(7.7178392410278, 38.831108093262, 23.680559158325)
Part25.Rotation = Vector3.new(180, -42.240001678467, -180)
Part25.Color = Color3.new(0.972549, 0.972549, 0.972549)
Part25.Transparency = 1
Part25.Size = Vector3.new(1, 2, 1)
Part25.BrickColor = BrickColor.new("Institutional white")
Part25.CanCollide = false
Part25.brickColor = BrickColor.new("Institutional white")
Part25.FormFactor = Enum.FormFactor.Symmetric
Part25.formFactor = Enum.FormFactor.Symmetric
Weld26.Name = "RightGrip"
Weld26.Parent = Part25
Weld26.C0 = CFrame.new(0, -1, 0, 1, 0, -0, 0, 0, 1, 0, -1, 0)
Weld26.C1 = CFrame.new(0, 0, -1.5, 0, 0, 1, 1, 0, 0, 0, 1, 0)
Weld27.Name = "RightGrip"
Weld27.Parent = Part25
Weld27.C0 = CFrame.new(0, -1, 0, 1, 0, -0, 0, 0, 1, 0, -1, 0)
Weld27.C1 = CFrame.new(0, 0, -1.5, 0, 0, 1, 1, 0, 0, 0, 1, 0)
Weld28.Name = "RightGrip"
Weld28.Parent = Part25
Weld28.C0 = CFrame.new(0, -1, 0, 1, 0, -0, 0, 0, 1, 0, -1, 0)
Weld28.C1 = CFrame.new(0, 0, -1.5, 0, 0, 1, 1, 0, 0, 0, 1, 0)
Weld29.Name = "RightGrip"
Weld29.Parent = Part25
Weld29.C0 = CFrame.new(0, -1, 0, 1, 0, -0, 0, 0, 1, 0, -1, 0)
Weld29.C1 = CFrame.new(0, 0, -1.5, 0, 0, 1, 1, 0, 0, 0, 1, 0)
Weld30.Name = "RightGrip"
Weld30.Parent = Part25
Weld30.C0 = CFrame.new(0, -1, 0, 1, 0, -0, 0, 0, 1, 0, -1, 0)
Weld30.C1 = CFrame.new(0, 0, -1.5, 0, 0, 1, 1, 0, 0, 0, 1, 0)
Weld31.Name = "RightGrip"
Weld31.Parent = Part25
Weld31.C0 = CFrame.new(0, -1, 0, 1, 0, -0, 0, 0, 1, 0, -1, 0)
Weld31.C1 = CFrame.new(0, 0, -1.5, 0, 0, 1, 1, 0, 0, 0, 1, 0)
Weld32.Name = "RightGrip"
Weld32.Parent = Part25
Weld32.C0 = CFrame.new(0, -1, 0, 1, 0, -0, 0, 0, 1, 0, -1, 0)
Weld32.C1 = CFrame.new(0, 0, -1.5, 0, 0, 1, 1, 0, 0, 0, 1, 0)
Weld33.Name = "RightGrip"
Weld33.Parent = Part25
Weld33.C0 = CFrame.new(0, -1, 0, 1, 0, -0, 0, 0, 1, 0, -1, 0)
Weld33.C1 = CFrame.new(0, 0, -1.5, 0, 0, 1, 1, 0, 0, 0, 1, 0)
Weld34.Name = "RightGrip"
Weld34.Parent = Part25
Weld34.C0 = CFrame.new(0, -1, 0, 1, 0, -0, 0, 0, 1, 0, -1, 0)
Weld34.C1 = CFrame.new(0, 0, -1.5, 0, 0, 1, 1, 0, 0, 0, 1, 0)
Weld35.Name = "RightGrip"
Weld35.Parent = Part25
Weld35.C0 = CFrame.new(0, -1, 0, 1, 0, -0, 0, 0, 1, 0, -1, 0)
Weld35.C1 = CFrame.new(0, 0, -1.5, 0, 0, 1, 1, 0, 0, 0, 1, 0)
Weld36.Name = "RightGrip"
Weld36.Parent = Part25
Weld36.C0 = CFrame.new(0, -1, 0, 1, 0, -0, 0, 0, 1, 0, -1, 0)
Weld36.C1 = CFrame.new(0, 0, -1.5, 0, 0, 1, 1, 0, 0, 0, 1, 0)
Weld37.Name = "RightGrip"
Weld37.Parent = Part25
Weld37.C0 = CFrame.new(0, -1, 0, 1, 0, -0, 0, 0, 1, 0, -1, 0)
Weld37.C1 = CFrame.new(0, 0, -1.5, 0, 0, 1, 1, 0, 0, 0, 1, 0)
Weld38.Name = "RightGrip"
Weld38.Parent = Part25
Weld38.C0 = CFrame.new(0, -1, 0, 1, 0, -0, 0, 0, 1, 0, -1, 0)
Weld38.C1 = CFrame.new(0, 0, -1.5, 0, 0, 1, 1, 0, 0, 0, 1, 0)
Weld39.Name = "RightGrip"
Weld39.Parent = Part25
Weld39.C0 = CFrame.new(0, -1, 0, 1, 0, -0, 0, 0, 1, 0, -1, 0)
Weld39.C1 = CFrame.new(0, 0, -1.5, 0, 0, 1, 1, 0, 0, 0, 1, 0)
Weld40.Name = "RightGrip"
Weld40.Parent = Part25
Weld40.C0 = CFrame.new(0, -1, 0, 1, 0, -0, 0, 0, 1, 0, -1, 0)
Weld40.C1 = CFrame.new(0, 0, -1.5, 0, 0, 1, 1, 0, 0, 0, 1, 0)
Weld41.Name = "RightGrip"
Weld41.Parent = Part25
Weld41.C0 = CFrame.new(0, -1, 0, 1, 0, -0, 0, 0, 1, 0, -1, 0)
Weld41.C1 = CFrame.new(0, 0, -1.5, 0, 0, 1, 1, 0, 0, 0, 1, 0)
Weld42.Name = "RightGrip"
Weld42.Parent = Part25
Weld42.C0 = CFrame.new(0, -1, 0, 1, 0, -0, 0, 0, 1, 0, -1, 0)
Weld42.C1 = CFrame.new(0, 0, -1.5, 0, 0, 1, 1, 0, 0, 0, 1, 0)
Weld43.Name = "RightGrip"
Weld43.Parent = Part25
Weld43.C0 = CFrame.new(0, -1, 0, 1, 0, -0, 0, 0, 1, 0, -1, 0)
Weld43.C1 = CFrame.new(0, 0, -1.5, 0, 0, 1, 1, 0, 0, 0, 1, 0)
Weld44.Name = "RightGrip"
Weld44.Parent = Part25
Weld44.C0 = CFrame.new(0, -1, 0, 1, 0, -0, 0, 0, 1, 0, -1, 0)
Weld44.C1 = CFrame.new(0, 0, -1.5, 0, 0, 1, 1, 0, 0, 0, 1, 0)
Weld45.Name = "RightGrip"
Weld45.Parent = Part25
Weld45.C0 = CFrame.new(0, -1, 0, 1, 0, -0, 0, 0, 1, 0, -1, 0)
Weld45.C1 = CFrame.new(0, 0, -1.5, 0, 0, 1, 1, 0, 0, 0, 1, 0)
Weld46.Name = "RightGrip"
Weld46.Parent = Part25
Weld46.C0 = CFrame.new(0, -1, 0, 1, 0, -0, 0, 0, 1, 0, -1, 0)
Weld46.C1 = CFrame.new(0, 0, -1.5, 0, 0, 1, 1, 0, 0, 0, 1, 0)
Weld47.Name = "RightGrip"
Weld47.Parent = Part25
Weld47.C0 = CFrame.new(0, -1, 0, 1, 0, -0, 0, 0, 1, 0, -1, 0)
Weld47.C1 = CFrame.new(0, 0, -1.5, 0, 0, 1, 1, 0, 0, 0, 1, 0)
Weld48.Name = "RightGrip"
Weld48.Parent = Part25
Weld48.C0 = CFrame.new(0, -1, 0, 1, 0, -0, 0, 0, 1, 0, -1, 0)
Weld48.C1 = CFrame.new(0, 0, -1.5, 0, 0, 1, 1, 0, 0, 0, 1, 0)
Weld49.Name = "RightGrip"
Weld49.Parent = Part25
Weld49.C0 = CFrame.new(0, -1, 0, 1, 0, -0, 0, 0, 1, 0, -1, 0)
Weld49.C1 = CFrame.new(0, 0, -1.5, 0, 0, 1, 1, 0, 0, 0, 1, 0)
Weld50.Name = "RightGrip"
Weld50.Parent = Part25
Weld50.C0 = CFrame.new(0, -1, 0, 1, 0, -0, 0, 0, 1, 0, -1, 0)
Weld50.C1 = CFrame.new(0, 0, -1.5, 0, 0, 1, 1, 0, 0, 0, 1, 0)
Weld51.Name = "RightGrip"
Weld51.Parent = Part25
Weld51.C0 = CFrame.new(0, -1, 0, 1, 0, -0, 0, 0, 1, 0, -1, 0)
Weld51.C1 = CFrame.new(0, 0, -1.5, 0, 0, 1, 1, 0, 0, 0, 1, 0)
Weld52.Name = "RightGrip"
Weld52.Parent = Part25
Weld52.C0 = CFrame.new(0, -1, 0, 1, 0, -0, 0, 0, 1, 0, -1, 0)
Weld52.C1 = CFrame.new(0, 0, -1.5, 0, 0, 1, 1, 0, 0, 0, 1, 0)
Weld53.Name = "RightGrip"
Weld53.Parent = Part25
Weld53.C0 = CFrame.new(0, -1, 0, 1, 0, -0, 0, 0, 1, 0, -1, 0)
Weld53.C1 = CFrame.new(0, 0, -1.5, 0, 0, 1, 1, 0, 0, 0, 1, 0)
Weld54.Name = "RightGrip"
Weld54.Parent = Part25
Weld54.C0 = CFrame.new(0, -1, 0, 1, 0, -0, 0, 0, 1, 0, -1, 0)
Weld54.C1 = CFrame.new(0, 0, -1.5, 0, 0, 1, 1, 0, 0, 0, 1, 0)
Weld55.Name = "RightGrip"
Weld55.Parent = Part25
Weld55.C0 = CFrame.new(0, -1, 0, 1, 0, -0, 0, 0, 1, 0, -1, 0)
Weld55.C1 = CFrame.new(0, 0, -1.5, 0, 0, 1, 1, 0, 0, 0, 1, 0)
Weld56.Name = "RightGrip"
Weld56.Parent = Part25
Weld56.C0 = CFrame.new(0, -1, 0, 1, 0, -0, 0, 0, 1, 0, -1, 0)
Weld56.C1 = CFrame.new(0, 0, -1.5, 0, 0, 1, 1, 0, 0, 0, 1, 0)
Weld57.Name = "RightGrip"
Weld57.Parent = Part25
Weld57.C0 = CFrame.new(0, -1, 0, 1, 0, -0, 0, 0, 1, 0, -1, 0)
Weld57.C1 = CFrame.new(0, 0, -1.5, 0, 0, 1, 1, 0, 0, 0, 1, 0)
Weld58.Name = "RightGrip"
Weld58.Parent = Part25
Weld58.C0 = CFrame.new(0, -1, 0, 1, 0, -0, 0, 0, 1, 0, -1, 0)
Weld58.C1 = CFrame.new(0, 0, -1.5, 0, 0, 1, 1, 0, 0, 0, 1, 0)
Weld59.Name = "RightGrip"
Weld59.Parent = Part25
Weld59.C0 = CFrame.new(0, -1, 0, 1, 0, -0, 0, 0, 1, 0, -1, 0)
Weld59.C1 = CFrame.new(0, 0, 1.5, 0.996552646, 0, -0.0829627588, 0.0829627588, 0, 0.996552646, 0, -1, 0)
Weld60.Name = "RightGrip"
Weld60.Parent = Part25
Weld60.C0 = CFrame.new(0, -1, 0, 1, 0, -0, 0, 0, 1, 0, -1, 0)
Weld60.C1 = CFrame.new(0, 0, 1.5, 0.996552646, 0, -0.0829627588, 0.0829627588, 0, 0.996552646, 0, -1, 0)
Weld61.Name = "RightGrip"
Weld61.Parent = Part25
Weld61.C0 = CFrame.new(0, -1, 0, 1, 0, -0, 0, 0, 1, 0, -1, 0)
Weld61.C1 = CFrame.new(0, 0, 1.5, 0.996552646, 0, -0.0829627588, 0.0829627588, 0, 0.996552646, 0, -1, 0)
Weld62.Name = "RightGrip"
Weld62.Parent = Part25
Weld62.C0 = CFrame.new(0, -1, 0, 1, 0, -0, 0, 0, 1, 0, -1, 0)
Weld62.C1 = CFrame.new(0, 0, 1.5, 0.996552646, 0, -0.0829627588, 0.0829627588, 0, 0.996552646, 0, -1, 0)
Weld63.Name = "RightGrip"
Weld63.Parent = Part25
Weld63.C0 = CFrame.new(0, -1, 0, 1, 0, -0, 0, 0, 1, 0, -1, 0)
Weld63.C1 = CFrame.new(0, 0, 1.5, 0.996552646, 0, -0.0829627588, 0.0829627588, 0, 0.996552646, 0, -1, 0)
Weld64.Name = "RightGrip"
Weld64.Parent = Part25
Weld64.C0 = CFrame.new(0, -1, 0, 1, 0, -0, 0, 0, 1, 0, -1, 0)
Weld64.C1 = CFrame.new(0, 0, 1.5, 0.996552646, 0, -0.0829627588, 0.0829627588, 0, 0.996552646, 0, -1, 0)
Weld65.Name = "RightGrip"
Weld65.Parent = Part25
Weld65.C0 = CFrame.new(0, -1, 0, 1, 0, -0, 0, 0, 1, 0, -1, 0)
Weld65.C1 = CFrame.new(0, 0, 1.5, 0.996552646, 0, -0.0829627588, 0.0829627588, 0, 0.996552646, 0, -1, 0)
Weld66.Name = "RightGrip"
Weld66.Parent = Part25
Weld66.C0 = CFrame.new(0, -1, 0, 1, 0, -0, 0, 0, 1, 0, -1, 0)
Weld66.C1 = CFrame.new(0, 0, 1.5, 0.996552646, 0, -0.0829627588, 0.0829627588, 0, 0.996552646, 0, -1, 0)
Weld67.Name = "RightGrip"
Weld67.Parent = Part25
Weld67.C0 = CFrame.new(0, -1, 0, 1, 0, -0, 0, 0, 1, 0, -1, 0)
Weld67.C1 = CFrame.new(0, 0, 1.5, 0.996552646, 0, -0.0829627588, 0.0829627588, 0, 0.996552646, 0, -1, 0)
Weld68.Name = "RightGrip"
Weld68.Parent = Part25
Weld68.C0 = CFrame.new(0, -1, 0, 1, 0, -0, 0, 0, 1, 0, -1, 0)
Weld68.C1 = CFrame.new(0, 0, 1.5, 0.996552646, 0, -0.0829627588, 0.0829627588, 0, 0.996552646, 0, -1, 0)
Weld69.Parent = Part25
Weld69.Part0 = Part25
Weld69.Part1 = Part265
Weld69.part1 = Part265
Weld70.Parent = Part25
Weld70.C0 = CFrame.new(66.1097412, -11.3190956, -90.0809326, 1, -1.03475069e-08, 1.52949923e-07, -8.9135882e-10, 0.997310162, 0.0732987002, -1.53296938e-07, -0.0732987076, 0.997310042)
Weld70.C1 = CFrame.new(69.1097336, -11.3190155, -90.080162, 1, -1.03475273e-08, 1.52949738e-07, -8.91328567e-10, 0.997310102, 0.0732987151, -1.53296781e-07, -0.0732987225, 0.997310042)
Weld70.Part0 = Part25
Weld70.Part1 = Part71
Weld70.part1 = Part71
Part71.Name = "Left Arm"
Part71.Parent = Model1
Part71.CFrame = CFrame.new(9.93915939, 38.831028, 21.6642132, -0.740271151, 6.46123555e-09, -0.672299683, -1.26864936e-08, 0.999991596, -3.60246979e-08, 0.672305346, 2.59844786e-08, -0.740264952)
Part71.Orientation = Vector3.new(0, -137.75, 0)
Part71.Position = Vector3.new(9.9391593933105, 38.831027984619, 21.664213180542)
Part71.Rotation = Vector3.new(180, -42.240001678467, -180)
Part71.Color = Color3.new(0.972549, 0.972549, 0.972549)
Part71.Transparency = 1
Part71.Size = Vector3.new(1, 2, 1)
Part71.BrickColor = BrickColor.new("Institutional white")
Part71.CanCollide = false
Part71.brickColor = BrickColor.new("Institutional white")
Part71.FormFactor = Enum.FormFactor.Symmetric
Part71.formFactor = Enum.FormFactor.Symmetric
Weld72.Parent = Part71
Weld72.Part0 = Part71
Weld72.Part1 = Part220
Weld72.part1 = Part220
Script73.Name = "Follow"
Script73.Parent = Model1
table.insert(cors,sandbox(Script73,function()
local larm = script.Parent:FindFirstChild("Left Arm")
local rarm = script.Parent:FindFirstChild("Right Arm")

function findNearestTorso(pos)
	local list = game.Workspace:children()
	local torso = nil
	local dist = 1000
	local temp = nil
	local human = nil
	local temp2 = nil
	for x = 1, #list do
		temp2 = list[x]
		if (temp2.className == "Model") and (temp2 ~= script.Parent) then
			temp = temp2:findFirstChild("Torso")
			human = temp2:findFirstChild("Humanoid")
			if (temp ~= nil) and (human ~= nil) and (human.Health > 0) then
				if (temp.Position - pos).magnitude < dist then
					torso = temp
					dist = (temp.Position - pos).magnitude
				end
			end
		end
	end
	return torso
end

while true do
	wait(0.1)
	local target = findNearestTorso(script.Parent.Torso.Position)
	if target ~= nil then
		script.Parent.Humanoid:MoveTo(target.Position, target)
	end
end
end))
Script74.Name = "Jump"
Script74.Parent = Model1
table.insert(cors,sandbox(Script74,function()
while true do
wait(math.random(3,6))
script.Parent.Humanoid.Jump = true
end

end))
Script75.Name = "Respawn"
Script75.Parent = Model1
table.insert(cors,sandbox(Script75,function()
name="Humanoid"



robo=script.Parent:clone()



while true do

	wait(5)

	if script.Parent.Humanoid.Health<1 then

		robot=robo:clone()

		robot.Parent=script.Parent.Parent

		robot:makeJoints()

		script.Parent:remove()

	end

end

		






end))
Script76.Name = "InstaWeld"
Script76.Parent = Model1
table.insert(cors,sandbox(Script76,function()
local prev 
local parts = script.Parent:GetChildren() 

for i = 1,#parts do 
	if (parts[i].className == "Part") then 
		if (prev ~= nil)then 
			local weld = Instance.new("Weld") 
			weld.Part0 = prev 
			weld.Part1 = parts[i] 
			weld.C0 = prev.CFrame:inverse() 
			weld.C1 = parts[i].CFrame:inverse() 
			weld.Parent = prev 
		end 
		prev = parts[i] 
	end 
end
 
-- DO NOT CHANGE ANYTHING! --
-- This script puts a weld in every brick that needs one.--

-- MAKE SURE YOU ONLY HAVE 1 BRICK NAMED [Handle] !!! --

end))
Script77.Name = "what_is_This"
Script77.Parent = Model1
table.insert(cors,sandbox(Script77,function()
local larm = script.Parent:FindFirstChild("Left Arm")
local rarm = script.Parent:FindFirstChild("Right Arm")

function findNearestTorso(pos)
	local list = game.Workspace:children()
	local torso = nil
	local dist = 1000
	local temp = nil
	local human = nil
	local temp2 = nil
	for x = 1, #list do
		temp2 = list[x]
		if (temp2.className == "Model") and (temp2 ~= script.Parent) then
			temp = temp2:findFirstChild("Torso")
			human = temp2:findFirstChild("Humanoid")
			if (temp ~= nil) and (human ~= nil) and (human.Health > 0) then
				if (temp.Position - pos).magnitude < dist then
					torso = temp
					dist = (temp.Position - pos).magnitude
				end
			end
		end
	end
	return torso
end

function Hit(hit)
	local human = hit.Parent:FindFirstChild("Humanoid")
	if human ~= nil then
		human.Health =  human.Health -100
	end
end

larm.Touched:connect(Hit)
rarm.Touched:connect(Hit)

while true do
	wait(0.1)
	local target = findNearestTorso(script.Parent.Torso.Position)
	if target ~= nil then
		script.Parent.Zombie:MoveTo(target.Position, target)
	end
end

end))
Humanoid78.Parent = Model1
Humanoid78.LeftLeg = Part15
Humanoid78.MaxHealth = 0
Humanoid78.NameOcclusion = Enum.NameOcclusion.NoOcclusion
Humanoid78.RightLeg = Part18
Humanoid78.Torso = Part5
Humanoid78.WalkSpeed = 100
Humanoid78.maxHealth = 0
Model79.Name = "Leg1"
Model79.Parent = Model1
Part80.Name = "Left Arm"
Part80.Parent = Model79
Part80.CFrame = CFrame.new(9.09362698, 37.9503059, 22.4941559, 0.703111827, 0.328045487, -0.63088578, 0.256943852, -0.944485843, -0.20475024, -0.663032413, -0.0181404799, -0.748368561)
Part80.Orientation = Vector3.new(11.810000419617, -139.86999511719, 164.7799987793)
Part80.Position = Vector3.new(9.0936269760132, 37.950305938721, 22.494155883789)
Part80.Rotation = Vector3.new(164.69999694824, -39.119998931885, -25.010000228882)
Part80.Color = Color3.new(0.129412, 0.329412, 0.72549)
Part80.Size = Vector3.new(1, 1, 1)
Part80.BottomSurface = Enum.SurfaceType.Smooth
Part80.BrickColor = BrickColor.new("Deep blue")
Part80.CanCollide = false
Part80.Material = Enum.Material.SmoothPlastic
Part80.TopSurface = Enum.SurfaceType.Smooth
Part80.brickColor = BrickColor.new("Deep blue")
Part80.FormFactor = Enum.FormFactor.Custom
Part80.formFactor = Enum.FormFactor.Custom
SpecialMesh81.Parent = Part80
SpecialMesh81.Scale = Vector3.new(0.29952493309975, 0.79873329401016, 0.99841642379761)
Part82.Name = "Left Arm"
Part82.Parent = Model79
Part82.CFrame = CFrame.new(9.21890736, 37.0593033, 22.4357643, 0.743549585, 0.0299552307, -0.668007255, 0.0869195908, -0.994848132, 0.0521372594, -0.663006485, -0.0968298316, -0.742322743)
Part82.Orientation = Vector3.new(-2.9900000095367, -138.02000427246, 175.00999450684)
Part82.Position = Vector3.new(9.2189073562622, 37.059303283691, 22.435764312744)
Part82.Rotation = Vector3.new(-175.97999572754, -41.909999847412, -2.3099999427795)
Part82.Color = Color3.new(0.129412, 0.329412, 0.72549)
Part82.Size = Vector3.new(0.99841636419296, 0.29952490329742, 0.99841642379761)
Part82.BottomSurface = Enum.SurfaceType.Smooth
Part82.BrickColor = BrickColor.new("Deep blue")
Part82.CanCollide = false
Part82.Material = Enum.Material.SmoothPlastic
Part82.TopSurface = Enum.SurfaceType.Smooth
Part82.brickColor = BrickColor.new("Deep blue")
Part82.FormFactor = Enum.FormFactor.Custom
Part82.formFactor = Enum.FormFactor.Custom
SpecialMesh83.Parent = Part82
SpecialMesh83.Scale = Vector3.new(0.30000001192093, 4, 1)
Part84.Name = "Middle"
Part84.Parent = Model79
Part84.CFrame = CFrame.new(9.19757843, 36.8313065, 22.3349247, -0.740272224, -3.55682284e-09, -0.672305048, -1.26864812e-08, 0.999998093, 1.22794874e-09, 0.672306299, 1.49536774e-08, -0.740270853)
Part84.Orientation = Vector3.new(0, -137.75, 0)
Part84.Position = Vector3.new(9.1975784301758, 36.83130645752, 22.334924697876)
Part84.Rotation = Vector3.new(-180, -42.25, 180)
Part84.Color = Color3.new(0.768627, 0.156863, 0.109804)
Part84.Transparency = 1
Part84.Size = Vector3.new(1, 2, 1)
Part84.BottomSurface = Enum.SurfaceType.Smooth
Part84.BrickColor = BrickColor.new("Bright red")
Part84.CanCollide = false
Part84.TopSurface = Enum.SurfaceType.Smooth
Part84.brickColor = BrickColor.new("Bright red")
Part84.FormFactor = Enum.FormFactor.Symmetric
Part84.formFactor = Enum.FormFactor.Symmetric
Weld85.Parent = Part84
Weld85.C1 = CFrame.new(-0.108856201, 1.09387398, 0.282699585, -0.966256261, 0.256944329, 0.018118035, -0.255039245, -0.944487631, -0.207118824, -0.0361057147, -0.204750627, 0.978147984)
Weld85.Part0 = Part84
Weld85.Part1 = Part80
Weld85.part1 = Part80
Weld86.Parent = Part84
Weld86.C1 = CFrame.new(0.0311813354, 0.235947609, 0.0772171021, -0.996173859, 0.0869197398, -0.00908779912, -0.0872744322, -0.994850039, 0.0515414923, -0.00456103263, 0.05213736, 0.99862951)
Weld86.Part0 = Part84
Weld86.Part1 = Part82
Weld86.part1 = Part82
Weld87.Parent = Part84
Weld87.Part0 = Part84
Weld87.Part1 = Part84
Weld87.part1 = Part84
Weld88.Parent = Part84
Weld88.C1 = CFrame.new(-0.0353775024, -0.0265130997, 7.62939453e-05, 0.256888926, -0.121874921, 0.958725393, 0.0315429494, 0.992545366, 0.117722251, -0.965925813, -5.36441746e-07, 0.25881815)
Weld88.Part0 = Part84
Weld88.Part1 = Part95
Weld88.part1 = Part95
Weld89.Parent = Part84
Weld89.C1 = CFrame.new(0.0490188599, 0.80872333, 0.011100769, 0.970421374, -0.0143570853, -0.240989044, 0.0108104749, 0.999812603, -0.0160327591, 0.241174027, 0.0129533783, 0.970395148)
Weld89.Part0 = Part84
Weld89.Part1 = Part97
Weld89.part1 = Part97
Weld90.Parent = Part84
Weld90.C1 = CFrame.new(-0.0490188599, 0.80872333, -0.011100769, -0.970421374, 0.0143570853, 0.240989044, 0.0108104749, 0.999812603, -0.0160327591, -0.241174027, -0.0129533783, -0.970395148)
Weld90.Part0 = Part84
Weld90.Part1 = Part99
Weld90.part1 = Part99
Weld91.Parent = Part84
Weld91.C1 = CFrame.new(0.411773682, 0.44832027, -0.0389938354, 0.241174027, 0.0129533783, 0.970395148, 0.0108104749, 0.999812603, -0.0160327591, -0.970421374, 0.0143570853, 0.240989044)
Weld91.Part0 = Part84
Weld91.Part1 = Part101
Weld91.part1 = Part101
Weld92.Parent = Part84
Weld92.C1 = CFrame.new(-0.0481567383, 0.868709683, -0.0118789673, -0.970421374, 0.0143570853, 0.240989044, 0.0108104749, 0.999812603, -0.0160327591, -0.241174027, -0.0129533783, -0.970395148)
Weld92.Part0 = Part84
Weld92.Part1 = Part103
Weld92.part1 = Part103
Weld93.Parent = Part84
Weld93.C1 = CFrame.new(0.0481567383, 0.868709683, 0.0118789673, 0.970421374, -0.0143570853, -0.240989044, 0.0108104749, 0.999812603, -0.0160327591, 0.241174027, 0.0129533783, 0.970395148)
Weld93.Part0 = Part84
Weld93.Part1 = Part105
Weld93.part1 = Part105
Weld94.Parent = Part84
Weld94.C1 = CFrame.new(0.29486084, 0.354091644, 0.119308472, 0.0802609175, -0.153226569, 0.984927058, 0.344317317, 0.931551456, 0.116865285, -0.935416043, 0.329745352, 0.127526462)
Weld94.Part0 = Part84
Weld94.Part1 = Part107
Weld94.part1 = Part107
Part95.Name = "Left Sock"
Part95.Parent = Model79
Part95.CFrame = CFrame.new(9.16528893, 36.8533096, 22.3142433, -0.834723651, -0.102495633, 0.541043341, -0.12187469, 0.992543459, -5.23868721e-07, -0.537008405, -0.0659398139, -0.840993583)
Part95.Orientation = Vector3.new(0, 147.25, -7)
Part95.Position = Vector3.new(9.1652889251709, 36.853309631348, 22.31424331665)
Part95.Rotation = Vector3.new(180, 32.75, 173)
Part95.Color = Color3.new(0.898039, 0.894118, 0.87451)
Part95.Size = Vector3.new(1, 1, 1)
Part95.BottomSurface = Enum.SurfaceType.Smooth
Part95.BrickColor = BrickColor.new("Light stone grey")
Part95.CanCollide = false
Part95.Material = Enum.Material.SmoothPlastic
Part95.TopSurface = Enum.SurfaceType.Smooth
Part95.brickColor = BrickColor.new("Light stone grey")
Part95.FormFactor = Enum.FormFactor.Custom
Part95.formFactor = Enum.FormFactor.Custom
SpecialMesh96.Parent = Part95
SpecialMesh96.Scale = Vector3.new(0.99841636419296, 0.13977828621864, 0.90855902433395)
Part97.Name = "Leg1part"
Part97.Parent = Model79
Part97.CFrame = CFrame.new(9.23182964, 36.0232964, 22.2848969, -0.556357861, 0.00277620647, -0.830936015, -0.0143570704, 0.999810696, 0.0129533513, 0.83081758, 0.0191365499, -0.556212425)
Part97.Orientation = Vector3.new(-0.74000000953674, -123.80000305176, -0.81999999284744)
Part97.Position = Vector3.new(9.2318296432495, 36.023296356201, 22.284896850586)
Part97.Rotation = Vector3.new(-178.66999816895, -56.200000762939, -179.71000671387)
Part97.Color = Color3.new(0.768627, 0.156863, 0.109804)
Part97.Size = Vector3.new(1, 0.20000000298023, 1)
Part97.BrickColor = BrickColor.new("Bright red")
Part97.CanCollide = false
Part97.Material = Enum.Material.SmoothPlastic
Part97.brickColor = BrickColor.new("Bright red")
Part97.FormFactor = Enum.FormFactor.Custom
Part97.formFactor = Enum.FormFactor.Custom
SpecialMesh98.Parent = Part97
SpecialMesh98.MeshId = "http://www.roblox.com/Asset/?id=9944765"
SpecialMesh98.Scale = Vector3.new(1, 1.7999999523163, 2.75)
SpecialMesh98.MeshType = Enum.MeshType.FileMesh
Part99.Name = "Leg1part"
Part99.Parent = Model79
Part99.CFrame = CFrame.new(9.23182964, 36.0232964, 22.2848969, 0.556357861, 0.00277620647, 0.830936015, 0.0143570704, 0.999810696, -0.0129533513, -0.83081758, 0.0191365499, 0.556212425)
Part99.Orientation = Vector3.new(0.74000000953674, 56.200000762939, 0.81999999284744)
Part99.Position = Vector3.new(9.2318296432495, 36.023296356201, 22.284896850586)
Part99.Rotation = Vector3.new(1.3300000429153, 56.200000762939, -0.28999999165535)
Part99.Color = Color3.new(0.768627, 0.156863, 0.109804)
Part99.Size = Vector3.new(1, 0.20000000298023, 1)
Part99.BrickColor = BrickColor.new("Bright red")
Part99.CanCollide = false
Part99.Material = Enum.Material.SmoothPlastic
