
--Converted with ttyyuu12345's model to script plugin v4
function sandbox(var,func)
	local env = getfenv(func)
	local newenv = setmetatable({},{
		__index = function(self,k)
			if k=="script" then
				return var
			else
				return env[k]
			end
		end,
	})
	setfenv(func,newenv)
	return func
end
cors = {}
mas = Instance.new("Model",game:GetService("Lighting"))
Model0 = Instance.new("Model")
Part1 = Instance.new("Part")
SpecialMesh2 = Instance.new("SpecialMesh")
Fire3 = Instance.new("Fire")
Weld4 = Instance.new("Weld")
Part5 = Instance.new("Part")
Snap6 = Instance.new("Snap")
Motor7 = Instance.new("Motor")
Motor8 = Instance.new("Motor")
Motor9 = Instance.new("Motor")
Sound10 = Instance.new("Sound")
Script11 = Instance.new("Script")
ScreenGui12 = Instance.new("ScreenGui")
Frame13 = Instance.new("Frame")
ImageLabel14 = Instance.new("ImageLabel")
Weld15 = Instance.new("Weld")
Weld16 = Instance.new("Weld")
Part17 = Instance.new("Part")
Fire18 = Instance.new("Fire")
Weld19 = Instance.new("Weld")
Weld20 = Instance.new("Weld")
Part21 = Instance.new("Part")
Fire22 = Instance.new("Fire")
Weld23 = Instance.new("Weld")
Weld24 = Instance.new("Weld")
IntValue25 = Instance.new("IntValue")
IntValue26 = Instance.new("IntValue")
IntValue27 = Instance.new("IntValue")
IntValue28 = Instance.new("IntValue")
Part29 = Instance.new("Part")
Weld30 = Instance.new("Weld")
Weld31 = Instance.new("Weld")
Weld32 = Instance.new("Weld")
Weld33 = Instance.new("Weld")
Weld34 = Instance.new("Weld")
Weld35 = Instance.new("Weld")
Weld36 = Instance.new("Weld")
Weld37 = Instance.new("Weld")
Weld38 = Instance.new("Weld")
Weld39 = Instance.new("Weld")
Weld40 = Instance.new("Weld")
Weld41 = Instance.new("Weld")
Weld42 = Instance.new("Weld")
Weld43 = Instance.new("Weld")
Weld44 = Instance.new("Weld")
Weld45 = Instance.new("Weld")
Weld46 = Instance.new("Weld")
Weld47 = Instance.new("Weld")
Weld48 = Instance.new("Weld")
Weld49 = Instance.new("Weld")
Weld50 = Instance.new("Weld")
Weld51 = Instance.new("Weld")
Weld52 = Instance.new("Weld")
Weld53 = Instance.new("Weld")
Weld54 = Instance.new("Weld")
Weld55 = Instance.new("Weld")
Weld56 = Instance.new("Weld")
Weld57 = Instance.new("Weld")
Weld58 = Instance.new("Weld")
Weld59 = Instance.new("Weld")
Weld60 = Instance.new("Weld")
Weld61 = Instance.new("Weld")
Weld62 = Instance.new("Weld")
Weld63 = Instance.new("Weld")
Weld64 = Instance.new("Weld")
Weld65 = Instance.new("Weld")
Weld66 = Instance.new("Weld")
Weld67 = Instance.new("Weld")
Weld68 = Instance.new("Weld")
Weld69 = Instance.new("Weld")
Weld70 = Instance.new("Weld")
Weld71 = Instance.new("Weld")
Weld72 = Instance.new("Weld")
Fire73 = Instance.new("Fire")
Weld74 = Instance.new("Weld")
Weld75 = Instance.new("Weld")
Part76 = Instance.new("Part")
Fire77 = Instance.new("Fire")
Weld78 = Instance.new("Weld")
Script79 = Instance.new("Script")
Script80 = Instance.new("Script")
Script81 = Instance.new("Script")
Script82 = Instance.new("Script")
Script83 = Instance.new("Script")
Humanoid84 = Instance.new("Humanoid")
Model85 = Instance.new("Model")
Part86 = Instance.new("Part")
SpecialMesh87 = Instance.new("SpecialMesh")
Part88 = Instance.new("Part")
SpecialMesh89 = Instance.new("SpecialMesh")
Part90 = Instance.new("Part")
Weld91 = Instance.new("Weld")
Weld92 = Instance.new("Weld")
Weld93 = Instance.new("Weld")
Weld94 = Instance.new("Weld")
Weld95 = Instance.new("Weld")
Weld96 = Instance.new("Weld")
Weld97 = Instance.new("Weld")
Weld98 = Instance.new("Weld")
Weld99 = Instance.new("Weld")
Weld100 = Instance.new("Weld")
Part101 = Instance.new("Part")
SpecialMesh102 = Instance.new("SpecialMesh")
Part103 = Instance.new("Part")
SpecialMesh104 = Instance.new("SpecialMesh")
Part105 = Instance.new("Part")
SpecialMesh106 = Instance.new("SpecialMesh")
Part107 = Instance.new("Part")
SpecialMesh108 = Instance.new("SpecialMesh")
Part109 = Instance.new("Part")
SpecialMesh110 = Instance.new("SpecialMesh")
Part111 = Instance.new("Part")
SpecialMesh112 = Instance.new("SpecialMesh")
Part113 = Instance.new("Part")
SpecialMesh114 = Instance.new("SpecialMesh")
Model115 = Instance.new("Model")
Part116 = Instance.new("Part")
Weld117 = Instance.new("Weld")
Weld118 = Instance.new("Weld")
Weld119 = Instance.new("Weld")
Weld120 = Instance.new("Weld")
Weld121 = Instance.new("Weld")
Weld122 = Instance.new("Weld")
Weld123 = Instance.new("Weld")
Weld124 = Instance.new("Weld")
Weld125 = Instance.new("Weld")
Weld126 = Instance.new("Weld")
Part127 = Instance.new("Part")
SpecialMesh128 = Instance.new("SpecialMesh")
Part129 = Instance.new("Part")
SpecialMesh130 = Instance.new("SpecialMesh")
Part131 = Instance.new("Part")
SpecialMesh132 = Instance.new("SpecialMesh")
Part133 = Instance.new("Part")
SpecialMesh134 = Instance.new("SpecialMesh")
Part135 = Instance.new("Part")
SpecialMesh136 = Instance.new("SpecialMesh")
Part137 = Instance.new("Part")
SpecialMesh138 = Instance.new("SpecialMesh")
Part139 = Instance.new("Part")
SpecialMesh140 = Instance.new("SpecialMesh")
Part141 = Instance.new("Part")
SpecialMesh142 = Instance.new("SpecialMesh")
Part143 = Instance.new("Part")
SpecialMesh144 = Instance.new("SpecialMesh")
Model145 = Instance.new("Model")
Part146 = Instance.new("Part")
Weld147 = Instance.new("Weld")
Weld148 = Instance.new("Weld")
Weld149 = Instance.new("Weld")
Weld150 = Instance.new("Weld")
Weld151 = Instance.new("Weld")
Weld152 = Instance.new("Weld")
Weld153 = Instance.new("Weld")
Weld154 = Instance.new("Weld")
Weld155 = Instance.new("Weld")
Weld156 = Instance.new("Weld")
Weld157 = Instance.new("Weld")
Weld158 = Instance.new("Weld")
Weld159 = Instance.new("Weld")
Weld160 = Instance.new("Weld")
Weld161 = Instance.new("Weld")
Weld162 = Instance.new("Weld")
Weld163 = Instance.new("Weld")
Weld164 = Instance.new("Weld")
Weld165 = Instance.new("Weld")
Weld166 = Instance.new("Weld")
Weld167 = Instance.new("Weld")
Weld168 = Instance.new("Weld")
Weld169 = Instance.new("Weld")
Weld170 = Instance.new("Weld")
Weld171 = Instance.new("Weld")
Weld172 = Instance.new("Weld")
Part173 = Instance.new("Part")
SpecialMesh174 = Instance.new("SpecialMesh")
Part175 = Instance.new("Part")
SpecialMesh176 = Instance.new("SpecialMesh")
Part177 = Instance.new("Part")
SpecialMesh178 = Instance.new("SpecialMesh")
Part179 = Instance.new("Part")
SpecialMesh180 = Instance.new("SpecialMesh")
Part181 = Instance.new("Part")
SpecialMesh182 = Instance.new("SpecialMesh")
Part183 = Instance.new("Part")
SpecialMesh184 = Instance.new("SpecialMesh")
Part185 = Instance.new("Part")
SpecialMesh186 = Instance.new("SpecialMesh")
Part187 = Instance.new("Part")
SpecialMesh188 = Instance.new("SpecialMesh")
Part189 = Instance.new("Part")
SpecialMesh190 = Instance.new("SpecialMesh")
Part191 = Instance.new("Part")
SpecialMesh192 = Instance.new("SpecialMesh")
Part193 = Instance.new("Part")
Weld194 = Instance.new("Weld")
SpecialMesh195 = Instance.new("SpecialMesh")
RotateP196 = Instance.new("RotateP")
Script197 = Instance.new("Script")
Part198 = Instance.new("Part")
Weld199 = Instance.new("Weld")
SpecialMesh200 = Instance.new("SpecialMesh")
Part201 = Instance.new("Part")
SpecialMesh202 = Instance.new("SpecialMesh")
Part203 = Instance.new("Part")
SpecialMesh204 = Instance.new("SpecialMesh")
Part205 = Instance.new("Part")
SpecialMesh206 = Instance.new("SpecialMesh")
Part207 = Instance.new("Part")
SpecialMesh208 = Instance.new("SpecialMesh")
Part209 = Instance.new("Part")
SpecialMesh210 = Instance.new("SpecialMesh")
Part211 = Instance.new("Part")
SpecialMesh212 = Instance.new("SpecialMesh")
Part213 = Instance.new("Part")
SpecialMesh214 = Instance.new("SpecialMesh")
Part215 = Instance.new("Part")
SpecialMesh216 = Instance.new("SpecialMesh")
Part217 = Instance.new("Part")
SpecialMesh218 = Instance.new("SpecialMesh")
Part219 = Instance.new("Part")
SpecialMesh220 = Instance.new("SpecialMesh")
Part221 = Instance.new("Part")
SpecialMesh222 = Instance.new("SpecialMesh")
Part223 = Instance.new("Part")
SpecialMesh224 = Instance.new("SpecialMesh")
Part225 = Instance.new("Part")
SpecialMesh226 = Instance.new("SpecialMesh")
Model227 = Instance.new("Model")
Part228 = Instance.new("Part")
Weld229 = Instance.new("Weld")
Weld230 = Instance.new("Weld")
Weld231 = Instance.new("Weld")
Weld232 = Instance.new("Weld")
Weld233 = Instance.new("Weld")
Weld234 = Instance.new("Weld")
Weld235 = Instance.new("Weld")
Weld236 = Instance.new("Weld")
Weld237 = Instance.new("Weld")
Weld238 = Instance.new("Weld")
Weld239 = Instance.new("Weld")
Weld240 = Instance.new("Weld")
Weld241 = Instance.new("Weld")
Weld242 = Instance.new("Weld")
Weld243 = Instance.new("Weld")
Part244 = Instance.new("Part")
SpecialMesh245 = Instance.new("SpecialMesh")
Part246 = Instance.new("Part")
SpecialMesh247 = Instance.new("SpecialMesh")
Part248 = Instance.new("Part")
SpecialMesh249 = Instance.new("SpecialMesh")
Part250 = Instance.new("Part")
SpecialMesh251 = Instance.new("SpecialMesh")
Part252 = Instance.new("Part")
SpecialMesh253 = Instance.new("SpecialMesh")
Part254 = Instance.new("Part")
SpecialMesh255 = Instance.new("SpecialMesh")
Part256 = Instance.new("Part")
SpecialMesh257 = Instance.new("SpecialMesh")
Part258 = Instance.new("Part")
SpecialMesh259 = Instance.new("SpecialMesh")
Part260 = Instance.new("Part")
SpecialMesh261 = Instance.new("SpecialMesh")
Part262 = Instance.new("Part")
SpecialMesh263 = Instance.new("SpecialMesh")
Part264 = Instance.new("Part")
SpecialMesh265 = Instance.new("SpecialMesh")
Part266 = Instance.new("Part")
SpecialMesh267 = Instance.new("SpecialMesh")
Part268 = Instance.new("Part")
SpecialMesh269 = Instance.new("SpecialMesh")
Part270 = Instance.new("Part")
SpecialMesh271 = Instance.new("SpecialMesh")
Model272 = Instance.new("Model")
Part273 = Instance.new("Part")
Weld274 = Instance.new("Weld")
Weld275 = Instance.new("Weld")
Weld276 = Instance.new("Weld")
Weld277 = Instance.new("Weld")
Weld278 = Instance.new("Weld")
Weld279 = Instance.new("Weld")
Weld280 = Instance.new("Weld")
Weld281 = Instance.new("Weld")
Weld282 = Instance.new("Weld")
Weld283 = Instance.new("Weld")
Weld284 = Instance.new("Weld")
Weld285 = Instance.new("Weld")
Weld286 = Instance.new("Weld")
Weld287 = Instance.new("Weld")
Weld288 = Instance.new("Weld")
Part289 = Instance.new("Part")
SpecialMesh290 = Instance.new("SpecialMesh")
Part291 = Instance.new("Part")
SpecialMesh292 = Instance.new("SpecialMesh")
Part293 = Instance.new("Part")
SpecialMesh294 = Instance.new("SpecialMesh")
Part295 = Instance.new("Part")
SpecialMesh296 = Instance.new("SpecialMesh")
Part297 = Instance.new("Part")
SpecialMesh298 = Instance.new("SpecialMesh")
Part299 = Instance.new("Part")
SpecialMesh300 = Instance.new("SpecialMesh")
Part301 = Instance.new("Part")
SpecialMesh302 = Instance.new("SpecialMesh")
Part303 = Instance.new("Part")
SpecialMesh304 = Instance.new("SpecialMesh")
Part305 = Instance.new("Part")
SpecialMesh306 = Instance.new("SpecialMesh")
Part307 = Instance.new("Part")
SpecialMesh308 = Instance.new("SpecialMesh")
Part309 = Instance.new("Part")
SpecialMesh310 = Instance.new("SpecialMesh")
Part311 = Instance.new("Part")
SpecialMesh312 = Instance.new("SpecialMesh")
Part313 = Instance.new("Part")
SpecialMesh314 = Instance.new("SpecialMesh")
Part315 = Instance.new("Part")
SpecialMesh316 = Instance.new("SpecialMesh")
Model0.Name = "    "
Model0.Parent = mas
Part1.Name = "Head"
Part1.Parent = Model0
Part1.CFrame = CFrame.new(-6.02448463, 75.8566971, 36.715683, -0.740272105, 0.0492792316, -0.67049706, -1.35778055e-08, 0.997308791, 0.0732987672, 0.672306418, 0.0542610548, -0.738279879)
Part1.Orientation = Vector3.new(-4.19999981, -137.75, 0)
Part1.Position = Vector3.new(-6.02448463, 75.8566971, 36.715683)
Part1.Rotation = Vector3.new(-174.330002, -42.1100006, -176.190002)
Part1.Color = Color3.new(0.972549, 0.972549, 0.972549)
Part1.Transparency = 0.99000000953674
Part1.Size = Vector3.new(2, 1, 1)
Part1.BrickColor = BrickColor.new("Institutional white")
Part1.Friction = 0
Part1.TopSurface = Enum.SurfaceType.Smooth
Part1.brickColor = BrickColor.new("Institutional white")
Part1.FormFactor = Enum.FormFactor.Symmetric
Part1.formFactor = Enum.FormFactor.Symmetric
SpecialMesh2.Parent = Part1
SpecialMesh2.Scale = Vector3.new(1.25, 1.25, 1.25)
Fire3.Parent = Part1
Fire3.Color = Color3.new(1, 1, 0)
Fire3.Enabled = false
Fire3.Size = 30
Fire3.Heat = 25
Fire3.SecondaryColor = Color3.new(1, 0, 0)
Fire3.size = 30
Weld4.Parent = Part1
Weld4.C0 = CFrame.new(67.6102982, -6.2000885, -90.7102585, 0.999999762, 8.8817842e-16, 5.68434189e-14, 6.21724894e-15, 0.999999166, 1.49011612e-08, -2.84217094e-14, 1.49011612e-08, 0.999998927)
Weld4.C1 = CFrame.new(67.6102829, -11.3196754, -90.0858536, 0.999999762, -1.03477831e-08, 1.52952907e-07, -8.91322682e-10, 0.997309625, 0.0732988343, -1.53299993e-07, -0.0732988194, 0.997309387)
Weld4.Part0 = Part1
Weld4.Part1 = Part5
Weld4.part1 = Part5
Part5.Name = "Torso"
Part5.Parent = Model0
Part5.CFrame = CFrame.new(-6.0743494, 74.344017, 36.6607323, -0.740272582, -8.56590798e-09, -0.672306597, -1.26864945e-08, 1, 1.22795163e-09, 0.672306597, 9.43823064e-09, -0.740272582)
Part5.Orientation = Vector3.new(0, -137.75, 0)
Part5.Position = Vector3.new(-6.0743494, 74.344017, 36.6607323)
Part5.Rotation = Vector3.new(-180, -42.25, 180)
Part5.Color = Color3.new(0.105882, 0.164706, 0.207843)
Part5.Transparency = 1
Part5.Size = Vector3.new(2, 2, 1)
Part5.BrickColor = BrickColor.new("Black")
Part5.Friction = 0
Part5.LeftParamA = 0
Part5.LeftParamB = 0
Part5.RightParamA = 0
Part5.RightParamB = 0
Part5.brickColor = BrickColor.new("Black")
Part5.FormFactor = Enum.FormFactor.Symmetric
Part5.formFactor = Enum.FormFactor.Symmetric
Snap6.Name = "Neck"
Snap6.Parent = Part5
Snap6.C0 = CFrame.new(0, 1, 0, -1, 0, 0, 0, 0, 1, 0, 1, -0)
Snap6.C1 = CFrame.new(0, -0.5, 0, -1, 0, 0, 0, 0, 1, 0, 1, -0)
Motor7.Name = "Right Hip"
Motor7.Parent = Part5
Motor7.MaxVelocity = 0.5
Motor7.C0 = CFrame.new(1, -1, 0, 0, 0, 1, 0, 1, -0, -1, 0, 0)
Motor7.C1 = CFrame.new(0.5, 1, 0, 0, 0, 1, 0, 1, -0, -1, 0, 0)
Motor7.Part0 = Part5
Motor7.Part1 = Part21
Motor7.part1 = Part21
Motor8.Name = "Left Shoulder"
Motor8.Parent = Part5
Motor8.MaxVelocity = 0.15000000596046
Motor8.C0 = CFrame.new(2, 0.5, 0, 0, 0, -1, 0, 1, 0, 1, 0, 0)
Motor8.C1 = CFrame.new(0.5, 0.5, 0, 0, 0, -1, 0, 1, 0, 1, 0, 0)
Motor8.Part0 = Part76
Motor8.Part1 = Part5
Motor8.part1 = Part5
Motor9.Name = "Right Shoulder"
Motor9.Parent = Part5
Motor9.MaxVelocity = 0.15000000596046
Motor9.C0 = CFrame.new(-2, 0.5, 0, 0, 0, 1, 0, 1, -0, -1, 0, 0)
Motor9.C1 = CFrame.new(-0.5, 0.5, 0, 0, 0, 1, 0, 1, -0, -1, 0, 0)
Motor9.Part0 = Part29
Motor9.Part1 = Part5
Motor9.part1 = Part5
Sound10.Name = "Scream"
Sound10.Parent = Part5
Sound10.Pitch = 2
Sound10.PlaybackSpeed = 2
Sound10.SoundId = "http://www.roblox.com/asset/?id=401755054"
Sound10.Volume = 10
Script11.Name = "ScaryScript"
Script11.Parent = Part5
table.insert(cors,sandbox(Script11,function()
Sound = script.Parent.Scream
Popup = script.Parent.Popup
Ready = true
function onTouch(hit)
local h = hit.Parent:FindFirstChild("Humanoid")
if h ~= nil and Ready == true then
Ready = false
local plyr = game.Players:FindFirstChild(h.Parent.Name)
local c = Popup:clone()
c.Parent = plyr.PlayerGui
script.Parent.Scream:play()
wait(2)
c:remove()
wait(1)
Ready = true
end
end

script.Parent.Touched:connect(onTouch)

end))
ScreenGui12.Name = "Popup"
ScreenGui12.Parent = Part5
Frame13.Name = "BackGround"
Frame13.Parent = ScreenGui12
Frame13.Position = UDim2.new(0, 0, -0.100000001, 0)
Frame13.Size = UDim2.new(1.10000002, 0, 1.20000005, 0)
Frame13.BackgroundColor = BrickColor.new("Black metallic")
Frame13.BackgroundColor3 = Color3.new(0.109804, 0.109804, 0.109804)
Frame13.BackgroundTransparency = 1
ImageLabel14.Name = "Image"
ImageLabel14.Parent = Frame13
ImageLabel14.Position = UDim2.new(0.00100000005, 0, 0.0500000007, 0)
ImageLabel14.Size = UDim2.new(1, 0, 1, 0)
ImageLabel14.BackgroundColor = BrickColor.new("Really black")
ImageLabel14.BackgroundColor3 = Color3.new(0, 0, 0)
ImageLabel14.BackgroundTransparency = 1
ImageLabel14.Image = "http://www.roblox.com/asset/?id=5219451598"
Weld15.Parent = Part5
Weld15.C0 = CFrame.new(67.6102829, -11.3196754, -90.0858536, 0.999999762, -1.03477831e-08, 1.52952907e-07, -8.91322682e-10, 0.997309625, 0.0732988343, -1.53299993e-07, -0.0732988194, 0.997309387)
Weld15.C1 = CFrame.new(68.1102829, -9.31966782, -90.0857544, 0.999999762, -1.03477689e-08, 1.52952765e-07, -8.91318297e-10, 0.997308552, 0.0732987523, -1.53299965e-07, -0.0732987374, 0.997308314)
Weld15.Part0 = Part5
Weld15.Part1 = Part17
Weld15.part1 = Part17
Weld16.Parent = Part5
Weld16.Part0 = Part5
Weld16.Part1 = Part146
Weld16.part1 = Part146
Part17.Name = "Left Leg"
Part17.Parent = Model0
Part17.CFrame = CFrame.new(-5.70403051, 72.3439941, 36.3248253, -0.740272224, -3.55682284e-09, -0.672305048, -1.26864812e-08, 0.999998093, 1.22794874e-09, 0.672306299, 1.49536774e-08, -0.740270853)
Part17.Orientation = Vector3.new(0, -137.75, 0)
Part17.Position = Vector3.new(-5.70403051, 72.3439941, 36.3248253)
Part17.Rotation = Vector3.new(-180, -42.25, 180)
Part17.Transparency = 1
Part17.Size = Vector3.new(1, 2, 1)
Part17.BottomSurface = Enum.SurfaceType.Smooth
Part17.CanCollide = false
Part17.FormFactor = Enum.FormFactor.Symmetric
Part17.formFactor = Enum.FormFactor.Symmetric
Fire18.Parent = Part17
Fire18.Color = Color3.new(1, 1, 0)
Fire18.Enabled = false
Fire18.Size = 30
Fire18.Heat = 25
Fire18.SecondaryColor = Color3.new(1, 0, 0)
Fire18.size = 30
Weld19.Parent = Part17
Weld19.C0 = CFrame.new(68.1102219, -9.31963348, -90.0853348, 0.999999285, -1.03477529e-08, 1.52952595e-07, -8.9131269e-10, 0.997307718, 0.0732986853, -1.53299879e-07, -0.073298648, 0.997307062)
Weld19.C1 = CFrame.new(67.1102219, -9.3196125, -90.085144, 0.999999285, -1.03477262e-08, 1.5295231e-07, -8.91304697e-10, 0.997305572, 0.0732985288, -1.53299837e-07, -0.0732984915, 0.997304916)
Weld19.Part0 = Part17
Weld19.Part1 = Part21
Weld19.part1 = Part21
Weld20.Parent = Part17
Weld20.Part0 = Part17
Weld20.Part1 = Part90
Weld20.part1 = Part90
Part21.Name = "Right Leg"
Part21.Parent = Model0
Part21.CFrame = CFrame.new(-6.4437499, 72.3439102, 36.9978752, -0.740271151, 1.45224566e-09, -0.672299623, -1.26864395e-08, 0.999991357, -6.22262775e-09, 0.672305346, 2.04690398e-08, -0.740264893)
Part21.Orientation = Vector3.new(0, -137.75, 0)
Part21.Position = Vector3.new(-6.4437499, 72.3439102, 36.9978752)
Part21.Rotation = Vector3.new(180, -42.2400017, -180)
Part21.Transparency = 1
Part21.Size = Vector3.new(1, 2, 1)
Part21.BottomSurface = Enum.SurfaceType.Smooth
Part21.CanCollide = false
Part21.FormFactor = Enum.FormFactor.Symmetric
Part21.formFactor = Enum.FormFactor.Symmetric
Fire22.Parent = Part21
Fire22.Color = Color3.new(1, 1, 0)
Fire22.Enabled = false
Fire22.Size = 30
Fire22.Heat = 25
Fire22.SecondaryColor = Color3.new(1, 0, 0)
Fire22.size = 30
Weld23.Parent = Part21
Weld23.C0 = CFrame.new(67.1100311, -9.31948471, -90.0836868, 1, -1.03478e-08, 1.52952794e-07, -8.91282548e-10, 0.997310162, 0.07329873, -1.53299837e-07, -0.0732987374, 0.997310042)
Weld23.C1 = CFrame.new(66.1100311, -11.3193903, -90.083313, 1, -1.03478088e-08, 1.52952722e-07, -8.9126645e-10, 0.997310042, 0.07329873, -1.53299752e-07, -0.07329873, 0.997310102)
Weld23.Part0 = Part21
Weld23.Part1 = Part29
Weld23.part1 = Part29
Weld24.Parent = Part21
Weld24.Part0 = Part21
Weld24.Part1 = Part116
Weld24.part1 = Part116
IntValue25.Name = "Mode"
IntValue25.Parent = Model0
IntValue26.Name = "agent11191"
IntValue26.Parent = IntValue25
IntValue27.Name = "Mode"
IntValue27.Parent = IntValue25
IntValue28.Name = "Mode"
IntValue28.Parent = IntValue25
Part29.Name = "Right Arm"
Part29.Parent = Model0
Part29.CFrame = CFrame.new(-7.1837697, 74.3437958, 37.6704559, -0.740271151, 6.46125775e-09, -0.672299683, -1.26864572e-08, 0.999991477, -6.22262863e-09, 0.672305346, 2.59844537e-08, -0.740264952)
Part29.Orientation = Vector3.new(0, -137.75, 0)
Part29.Position = Vector3.new(-7.1837697, 74.3437958, 37.6704559)
Part29.Rotation = Vector3.new(180, -42.2400017, -180)
Part29.Color = Color3.new(0.972549, 0.972549, 0.972549)
Part29.Transparency = 1
Part29.Size = Vector3.new(1, 2, 1)
Part29.BrickColor = BrickColor.new("Institutional white")
Part29.CanCollide = false
Part29.brickColor = BrickColor.new("Institutional white")
Part29.FormFactor = Enum.FormFactor.Symmetric
Part29.formFactor = Enum.FormFactor.Symmetric
Weld30.Name = "RightGrip"
Weld30.Parent = Part29
Weld30.C0 = CFrame.new(0, -1, 0, 1, 0, -0, 0, 0, 1, 0, -1, 0)
Weld30.C1 = CFrame.new(0, 0, -1.5, 0, 0, 1, 1, 0, 0, 0, 1, 0)
Weld31.Name = "RightGrip"
Weld31.Parent = Part29
Weld31.C0 = CFrame.new(0, -1, 0, 1, 0, -0, 0, 0, 1, 0, -1, 0)
Weld31.C1 = CFrame.new(0, 0, -1.5, 0, 0, 1, 1, 0, 0, 0, 1, 0)
Weld32.Name = "RightGrip"
Weld32.Parent = Part29
Weld32.C0 = CFrame.new(0, -1, 0, 1, 0, -0, 0, 0, 1, 0, -1, 0)
Weld32.C1 = CFrame.new(0, 0, -1.5, 0, 0, 1, 1, 0, 0, 0, 1, 0)
Weld33.Name = "RightGrip"
Weld33.Parent = Part29
Weld33.C0 = CFrame.new(0, -1, 0, 1, 0, -0, 0, 0, 1, 0, -1, 0)
Weld33.C1 = CFrame.new(0, 0, -1.5, 0, 0, 1, 1, 0, 0, 0, 1, 0)
Weld34.Name = "RightGrip"
Weld34.Parent = Part29
Weld34.C0 = CFrame.new(0, -1, 0, 1, 0, -0, 0, 0, 1, 0, -1, 0)
Weld34.C1 = CFrame.new(0, 0, -1.5, 0, 0, 1, 1, 0, 0, 0, 1, 0)
Weld35.Name = "RightGrip"
Weld35.Parent = Part29
Weld35.C0 = CFrame.new(0, -1, 0, 1, 0, -0, 0, 0, 1, 0, -1, 0)
Weld35.C1 = CFrame.new(0, 0, -1.5, 0, 0, 1, 1, 0, 0, 0, 1, 0)
Weld36.Name = "RightGrip"
Weld36.Parent = Part29
Weld36.C0 = CFrame.new(0, -1, 0, 1, 0, -0, 0, 0, 1, 0, -1, 0)
Weld36.C1 = CFrame.new(0, 0, -1.5, 0, 0, 1, 1, 0, 0, 0, 1, 0)
Weld37.Name = "RightGrip"
Weld37.Parent = Part29
Weld37.C0 = CFrame.new(0, -1, 0, 1, 0, -0, 0, 0, 1, 0, -1, 0)
Weld37.C1 = CFrame.new(0, 0, -1.5, 0, 0, 1, 1, 0, 0, 0, 1, 0)
Weld38.Name = "RightGrip"
Weld38.Parent = Part29
Weld38.C0 = CFrame.new(0, -1, 0, 1, 0, -0, 0, 0, 1, 0, -1, 0)
Weld38.C1 = CFrame.new(0, 0, -1.5, 0, 0, 1, 1, 0, 0, 0, 1, 0)
Weld39.Name = "RightGrip"
Weld39.Parent = Part29
Weld39.C0 = CFrame.new(0, -1, 0, 1, 0, -0, 0, 0, 1, 0, -1, 0)
Weld39.C1 = CFrame.new(0, 0, -1.5, 0, 0, 1, 1, 0, 0, 0, 1, 0)
Weld40.Name = "RightGrip"
Weld40.Parent = Part29
Weld40.C0 = CFrame.new(0, -1, 0, 1, 0, -0, 0, 0, 1, 0, -1, 0)
Weld40.C1 = CFrame.new(0, 0, -1.5, 0, 0, 1, 1, 0, 0, 0, 1, 0)
Weld41.Name = "RightGrip"
Weld41.Parent = Part29
Weld41.C0 = CFrame.new(0, -1, 0, 1, 0, -0, 0, 0, 1, 0, -1, 0)
Weld41.C1 = CFrame.new(0, 0, -1.5, 0, 0, 1, 1, 0, 0, 0, 1, 0)
Weld42.Name = "RightGrip"
Weld42.Parent = Part29
Weld42.C0 = CFrame.new(0, -1, 0, 1, 0, -0, 0, 0, 1, 0, -1, 0)
Weld42.C1 = CFrame.new(0, 0, -1.5, 0, 0, 1, 1, 0, 0, 0, 1, 0)
Weld43.Name = "RightGrip"
Weld43.Parent = Part29
Weld43.C0 = CFrame.new(0, -1, 0, 1, 0, -0, 0, 0, 1, 0, -1, 0)
Weld43.C1 = CFrame.new(0, 0, -1.5, 0, 0, 1, 1, 0, 0, 0, 1, 0)
Weld44.Name = "RightGrip"
Weld44.Parent = Part29
Weld44.C0 = CFrame.new(0, -1, 0, 1, 0, -0, 0, 0, 1, 0, -1, 0)
Weld44.C1 = CFrame.new(0, 0, -1.5, 0, 0, 1, 1, 0, 0, 0, 1, 0)
Weld45.Name = "RightGrip"
Weld45.Parent = Part29
Weld45.C0 = CFrame.new(0, -1, 0, 1, 0, -0, 0, 0, 1, 0, -1, 0)
Weld45.C1 = CFrame.new(0, 0, -1.5, 0, 0, 1, 1, 0, 0, 0, 1, 0)
Weld46.Name = "RightGrip"
Weld46.Parent = Part29
Weld46.C0 = CFrame.new(0, -1, 0, 1, 0, -0, 0, 0, 1, 0, -1, 0)
Weld46.C1 = CFrame.new(0, 0, -1.5, 0, 0, 1, 1, 0, 0, 0, 1, 0)
Weld47.Name = "RightGrip"
Weld47.Parent = Part29
Weld47.C0 = CFrame.new(0, -1, 0, 1, 0, -0, 0, 0, 1, 0, -1, 0)
Weld47.C1 = CFrame.new(0, 0, -1.5, 0, 0, 1, 1, 0, 0, 0, 1, 0)
Weld48.Name = "RightGrip"
Weld48.Parent = Part29
Weld48.C0 = CFrame.new(0, -1, 0, 1, 0, -0, 0, 0, 1, 0, -1, 0)
Weld48.C1 = CFrame.new(0, 0, -1.5, 0, 0, 1, 1, 0, 0, 0, 1, 0)
Weld49.Name = "RightGrip"
Weld49.Parent = Part29
Weld49.C0 = CFrame.new(0, -1, 0, 1, 0, -0, 0, 0, 1, 0, -1, 0)
Weld49.C1 = CFrame.new(0, 0, -1.5, 0, 0, 1, 1, 0, 0, 0, 1, 0)
Weld50.Name = "RightGrip"
Weld50.Parent = Part29
Weld50.C0 = CFrame.new(0, -1, 0, 1, 0, -0, 0, 0, 1, 0, -1, 0)
Weld50.C1 = CFrame.new(0, 0, -1.5, 0, 0, 1, 1, 0, 0, 0, 1, 0)
Weld51.Name = "RightGrip"
Weld51.Parent = Part29
Weld51.C0 = CFrame.new(0, -1, 0, 1, 0, -0, 0, 0, 1, 0, -1, 0)
Weld51.C1 = CFrame.new(0, 0, -1.5, 0, 0, 1, 1, 0, 0, 0, 1, 0)
Weld52.Name = "RightGrip"
Weld52.Parent = Part29
Weld52.C0 = CFrame.new(0, -1, 0, 1, 0, -0, 0, 0, 1, 0, -1, 0)
Weld52.C1 = CFrame.new(0, 0, -1.5, 0, 0, 1, 1, 0, 0, 0, 1, 0)
Weld53.Name = "RightGrip"
Weld53.Parent = Part29
Weld53.C0 = CFrame.new(0, -1, 0, 1, 0, -0, 0, 0, 1, 0, -1, 0)
Weld53.C1 = CFrame.new(0, 0, -1.5, 0, 0, 1, 1, 0, 0, 0, 1, 0)
Weld54.Name = "RightGrip"
Weld54.Parent = Part29
Weld54.C0 = CFrame.new(0, -1, 0, 1, 0, -0, 0, 0, 1, 0, -1, 0)
Weld54.C1 = CFrame.new(0, 0, -1.5, 0, 0, 1, 1, 0, 0, 0, 1, 0)
Weld55.Name = "RightGrip"
Weld55.Parent = Part29
Weld55.C0 = CFrame.new(0, -1, 0, 1, 0, -0, 0, 0, 1, 0, -1, 0)
Weld55.C1 = CFrame.new(0, 0, -1.5, 0, 0, 1, 1, 0, 0, 0, 1, 0)
Weld56.Name = "RightGrip"
Weld56.Parent = Part29
Weld56.C0 = CFrame.new(0, -1, 0, 1, 0, -0, 0, 0, 1, 0, -1, 0)
Weld56.C1 = CFrame.new(0, 0, -1.5, 0, 0, 1, 1, 0, 0, 0, 1, 0)
Weld57.Name = "RightGrip"
Weld57.Parent = Part29
Weld57.C0 = CFrame.new(0, -1, 0, 1, 0, -0, 0, 0, 1, 0, -1, 0)
Weld57.C1 = CFrame.new(0, 0, -1.5, 0, 0, 1, 1, 0, 0, 0, 1, 0)
Weld58.Name = "RightGrip"
Weld58.Parent = Part29
Weld58.C0 = CFrame.new(0, -1, 0, 1, 0, -0, 0, 0, 1, 0, -1, 0)
Weld58.C1 = CFrame.new(0, 0, -1.5, 0, 0, 1, 1, 0, 0, 0, 1, 0)
Weld59.Name = "RightGrip"
Weld59.Parent = Part29
Weld59.C0 = CFrame.new(0, -1, 0, 1, 0, -0, 0, 0, 1, 0, -1, 0)
Weld59.C1 = CFrame.new(0, 0, -1.5, 0, 0, 1, 1, 0, 0, 0, 1, 0)
Weld60.Name = "RightGrip"
Weld60.Parent = Part29
Weld60.C0 = CFrame.new(0, -1, 0, 1, 0, -0, 0, 0, 1, 0, -1, 0)
Weld60.C1 = CFrame.new(0, 0, -1.5, 0, 0, 1, 1, 0, 0, 0, 1, 0)
Weld61.Name = "RightGrip"
Weld61.Parent = Part29
Weld61.C0 = CFrame.new(0, -1, 0, 1, 0, -0, 0, 0, 1, 0, -1, 0)
Weld61.C1 = CFrame.new(0, 0, -1.5, 0, 0, 1, 1, 0, 0, 0, 1, 0)
Weld62.Name = "RightGrip"
Weld62.Parent = Part29
Weld62.C0 = CFrame.new(0, -1, 0, 1, 0, -0, 0, 0, 1, 0, -1, 0)
Weld62.C1 = CFrame.new(0, 0, -1.5, 0, 0, 1, 1, 0, 0, 0, 1, 0)
Weld63.Name = "RightGrip"
Weld63.Parent = Part29
Weld63.C0 = CFrame.new(0, -1, 0, 1, 0, -0, 0, 0, 1, 0, -1, 0)
Weld63.C1 = CFrame.new(0, 0, 1.5, 0.996552646, 0, -0.0829627588, 0.0829627588, 0, 0.996552646, 0, -1, 0)
Weld64.Name = "RightGrip"
Weld64.Parent = Part29
Weld64.C0 = CFrame.new(0, -1, 0, 1, 0, -0, 0, 0, 1, 0, -1, 0)
Weld64.C1 = CFrame.new(0, 0, 1.5, 0.996552646, 0, -0.0829627588, 0.0829627588, 0, 0.996552646, 0, -1, 0)
Weld65.Name = "RightGrip"
Weld65.Parent = Part29
Weld65.C0 = CFrame.new(0, -1, 0, 1, 0, -0, 0, 0, 1, 0, -1, 0)
Weld65.C1 = CFrame.new(0, 0, 1.5, 0.996552646, 0, -0.0829627588, 0.0829627588, 0, 0.996552646, 0, -1, 0)
Weld66.Name = "RightGrip"
Weld66.Parent = Part29
Weld66.C0 = CFrame.new(0, -1, 0, 1, 0, -0, 0, 0, 1, 0, -1, 0)
Weld66.C1 = CFrame.new(0, 0, 1.5, 0.996552646, 0, -0.0829627588, 0.0829627588, 0, 0.996552646, 0, -1, 0)
Weld67.Name = "RightGrip"
Weld67.Parent = Part29
Weld67.C0 = CFrame.new(0, -1, 0, 1, 0, -0, 0, 0, 1, 0, -1, 0)
Weld67.C1 = CFrame.new(0, 0, 1.5, 0.996552646, 0, -0.0829627588, 0.0829627588, 0, 0.996552646, 0, -1, 0)
Weld68.Name = "RightGrip"
Weld68.Parent = Part29
Weld68.C0 = CFrame.new(0, -1, 0, 1, 0, -0, 0, 0, 1, 0, -1, 0)
Weld68.C1 = CFrame.new(0, 0, 1.5, 0.996552646, 0, -0.0829627588, 0.0829627588, 0, 0.996552646, 0, -1, 0)
Weld69.Name = "RightGrip"
Weld69.Parent = Part29
Weld69.C0 = CFrame.new(0, -1, 0, 1, 0, -0, 0, 0, 1, 0, -1, 0)
Weld69.C1 = CFrame.new(0, 0, 1.5, 0.996552646, 0, -0.0829627588, 0.0829627588, 0, 0.996552646, 0, -1, 0)
Weld70.Name = "RightGrip"
Weld70.Parent = Part29
Weld70.C0 = CFrame.new(0, -1, 0, 1, 0, -0, 0, 0, 1, 0, -1, 0)
Weld70.C1 = CFrame.new(0, 0, 1.5, 0.996552646, 0, -0.0829627588, 0.0829627588, 0, 0.996552646, 0, -1, 0)
Weld71.Name = "RightGrip"
Weld71.Parent = Part29
Weld71.C0 = CFrame.new(0, -1, 0, 1, 0, -0, 0, 0, 1, 0, -1, 0)
Weld71.C1 = CFrame.new(0, 0, 1.5, 0.996552646, 0, -0.0829627588, 0.0829627588, 0, 0.996552646, 0, -1, 0)
Weld72.Name = "RightGrip"
Weld72.Parent = Part29
Weld72.C0 = CFrame.new(0, -1, 0, 1, 0, -0, 0, 0, 1, 0, -1, 0)
Weld72.C1 = CFrame.new(0, 0, 1.5, 0.996552646, 0, -0.0829627588, 0.0829627588, 0, 0.996552646, 0, -1, 0)
Fire73.Parent = Part29
Fire73.Color = Color3.new(1, 1, 0)
Fire73.Enabled = false
Fire73.Size = 30
Fire73.Heat = 25
Fire73.SecondaryColor = Color3.new(1, 0, 0)
Fire73.size = 30
Weld74.Parent = Part29
Weld74.C0 = CFrame.new(66.1097412, -11.3190956, -90.0809326, 1, -1.03475069e-08, 1.52949923e-07, -8.9135882e-10, 0.997310162, 0.0732987002, -1.53296938e-07, -0.0732987076, 0.997310042)
Weld74.C1 = CFrame.new(69.1097336, -11.3190155, -90.080162, 1, -1.03475273e-08, 1.52949738e-07, -8.91328567e-10, 0.997310102, 0.0732987151, -1.53296781e-07, -0.0732987225, 0.997310042)
Weld74.Part0 = Part29
Weld74.Part1 = Part76
Weld74.part1 = Part76
Weld75.Parent = Part29
Weld75.Part0 = Part29
Weld75.Part1 = Part273
Weld75.part1 = Part273
Part76.Name = "Left Arm"
Part76.Parent = Model0
Part76.CFrame = CFrame.new(-4.96244907, 74.3437195, 35.65411, -0.740271151, 6.46123555e-09, -0.672299683, -1.26864936e-08, 0.999991596, -3.60246979e-08, 0.672305346, 2.59844786e-08, -0.740264952)
Part76.Orientation = Vector3.new(0, -137.75, 0)
Part76.Position = Vector3.new(-4.96244907, 74.3437195, 35.65411)
Part76.Rotation = Vector3.new(180, -42.2400017, -180)
Part76.Color = Color3.new(0.972549, 0.972549, 0.972549)
Part76.Transparency = 1
Part76.Size = Vector3.new(1, 2, 1)
Part76.BrickColor = BrickColor.new("Institutional white")
Part76.CanCollide = false
Part76.brickColor = BrickColor.new("Institutional white")
Part76.FormFactor = Enum.FormFactor.Symmetric
Part76.formFactor = Enum.FormFactor.Symmetric
Fire77.Parent = Part76
Fire77.Color = Color3.new(1, 1, 0)
Fire77.Enabled = false
Fire77.Size = 30
Fire77.Heat = 25
Fire77.SecondaryColor = Color3.new(1, 0, 0)
Fire77.size = 30
Weld78.Parent = Part76
Weld78.Part0 = Part76
Weld78.Part1 = Part228
Weld78.part1 = Part228
Script79.Name = "Follow"
Script79.Parent = Model0
table.insert(cors,sandbox(Script79,function()
local larm = script.Parent:FindFirstChild("Left Arm")
local rarm = script.Parent:FindFirstChild("Right Arm")

function findNearestTorso(pos)
	local list = game.Workspace:children()
	local torso = nil
	local dist = 1000
	local temp = nil
	local human = nil
	local temp2 = nil
	for x = 1, #list do
		temp2 = list[x]
		if (temp2.className == "Model") and (temp2 ~= script.Parent) then
			temp = temp2:findFirstChild("Torso")
			human = temp2:findFirstChild("Humanoid")
			if (temp ~= nil) and (human ~= nil) and (human.Health > 0) then
				if (temp.Position - pos).magnitude < dist then
					torso = temp
					dist = (temp.Position - pos).magnitude
				end
			end
		end
	end
	return torso
end

while true do
	wait(0.1)
	local target = findNearestTorso(script.Parent.Torso.Position)
	if target ~= nil then
		script.Parent.Humanoid:MoveTo(target.Position, target)
	end
end
end))
Script80.Name = "Jump"
Script80.Parent = Model0
table.insert(cors,sandbox(Script80,function()
while true do
wait(math.random(3,6))
script.Parent.Humanoid.Jump = true
end

end))
Script81.Name = "Respawn"
Script81.Parent = Model0
table.insert(cors,sandbox(Script81,function()
name="Humanoid"



robo=script.Parent:clone()



while true do

	wait(5)

	if script.Parent.Humanoid.Health<1 then

		robot=robo:clone()

		robot.Parent=script.Parent.Parent

		robot:makeJoints()

		script.Parent:remove()

	end

end

		






end))
Script82.Name = "InstaWeld"
Script82.Parent = Model0
table.insert(cors,sandbox(Script82,function()
local prev 
local parts = script.Parent:GetChildren() 

for i = 1,#parts do 
	if (parts[i].className == "Part") then 
		if (prev ~= nil)then 
			local weld = Instance.new("Weld") 
			weld.Part0 = prev 
			weld.Part1 = parts[i] 
			weld.C0 = prev.CFrame:inverse() 
			weld.C1 = parts[i].CFrame:inverse() 
			weld.Parent = prev 
		end 
		prev = parts[i] 
	end 
end
 
-- DO NOT CHANGE ANYTHING! --
-- This script puts a weld in every brick that needs one.--

-- MAKE SURE YOU ONLY HAVE 1 BRICK NAMED [Handle] !!! --

end))
Script83.Parent = Model0
table.insert(cors,sandbox(Script83,function()
local larm = script.Parent:FindFirstChild("Left Arm")
local rarm = script.Parent:FindFirstChild("Right Arm")

function findNearestTorso(pos)
	local list = game.Workspace:children()
	local torso = nil
	local dist = 1000
	local temp = nil
	local human = nil
	local temp2 = nil
	for x = 1, #list do
		temp2 = list[x]
		if (temp2.className == "Model") and (temp2 ~= script.Parent) then
			temp = temp2:findFirstChild("Torso")
			human = temp2:findFirstChild("Humanoid")
			if (temp ~= nil) and (human ~= nil) and (human.Health > 0) then
				if (temp.Position - pos).magnitude < dist then
					torso = temp
					dist = (temp.Position - pos).magnitude
				end
			end
		end
	end
	return torso
end

function Hit(hit)
	local human = hit.Parent:FindFirstChild("Humanoid")
	if human ~= nil then
		human.Health =  human.Health -100
	end
end

larm.Touched:connect(Hit)
rarm.Touched:connect(Hit)

while true do
	wait(0.1)
	local target = findNearestTorso(script.Parent.Torso.Position)
	if target ~= nil then
		script.Parent.Zombie:MoveTo(target.Position, target)
	end
end

end))
Humanoid84.Parent = Model0
Humanoid84.LeftLeg = Part17
Humanoid84.MaxHealth = 0
Humanoid84.NameOcclusion = Enum.NameOcclusion.NoOcclusion
Humanoid84.RightLeg = Part21
Humanoid84.Torso = Part5
Humanoid84.WalkSpeed = 17
Humanoid84.maxHealth = 0
Model85.Name = "Leg1"
Model85.Parent = Model0
Part86.Name = "Left Arm"
Part86.Parent = Model85
Part86.CFrame = CFrame.new(-5.80798149, 73.4629974, 36.4840584, 0.703111827, 0.328045487, -0.63088578, 0.256943852, -0.944485843, -0.20475024, -0.663032413, -0.0181404799, -0.748368561)
Part86.Orientation = Vector3.new(11.8100004, -139.869995, 164.779999)
Part86.Position = Vector3.new(-5.80798149, 73.4629974, 36.4840584)
Part86.Rotation = Vector3.new(164.699997, -39.1199989, -25.0100002)
Part86.Color = Color3.new(0.129412, 0.329412, 0.72549)
Part86.Size = Vector3.new(1, 1, 1)
Part86.BottomSurface = Enum.SurfaceType.Smooth
Part86.BrickColor = BrickColor.new("Deep blue")
Part86.CanCollide = false
Part86.Material = Enum.Material.SmoothPlastic
Part86.TopSurface = Enum.SurfaceType.Smooth
Part86.brickColor = BrickColor.new("Deep blue")
Part86.FormFactor = Enum.FormFactor.Custom
Part86.formFactor = Enum.FormFactor.Custom
SpecialMesh87.Parent = Part86
SpecialMesh87.Scale = Vector3.new(0.299524933, 0.798733294, 0.998416424)
Part88.Name = "Left Arm"
Part88.Parent = Model85
Part88.CFrame = CFrame.new(-5.68270159, 72.571991, 36.4256668, 0.743549585, 0.0299552307, -0.668007255, 0.0869195908, -0.994848132, 0.0521372594, -0.663006485, -0.0968298316, -0.742322743)
Part88.Orientation = Vector3.new(-2.99000001, -138.020004, 175.009995)
Part88.Position = Vector3.new(-5.68270159, 72.571991, 36.4256668)
Part88.Rotation = Vector3.new(-175.979996, -41.9099998, -2.30999994)
Part88.Color = Color3.new(0.129412, 0.329412, 0.72549)
Part88.Size = Vector3.new(0.998416364, 0.299524903, 0.998416424)
Part88.BottomSurface = Enum.SurfaceType.Smooth
Part88.BrickColor = BrickColor.new("Deep blue")
Part88.CanCollide = false
Part88.Material = Enum.Material.SmoothPlastic
Part88.TopSurface = Enum.SurfaceType.Smooth
Part88.brickColor = BrickColor.new("Deep blue")
Part88.FormFactor = Enum.FormFactor.Custom
Part88.formFactor = Enum.FormFactor.Custom
SpecialMesh89.Parent = Part88
SpecialMesh89.Scale = Vector3.new(0.300000012, 4, 1)
Part90.Name = "Middle"
Part90.Parent = Model85
Part90.CFrame = CFrame.new(-5.70403051, 72.3439941, 36.3248253, -0.740272224, -3.55682284e-09, -0.672305048, -1.26864812e-08, 0.999998093, 1.22794874e-09, 0.672306299, 1.49536774e-08, -0.740270853)
Part90.Orientation = Vector3.new(0, -137.75, 0)
Part90.Position = Vector3.new(-5.70403051, 72.3439941, 36.3248253)
Part90.Rotation = Vector3.new(-180, -42.25, 180)
Part90.Color = Color3.new(0.768627, 0.156863, 0.109804)
Part90.Transparency = 1
Part90.Size = Vector3.new(1, 2, 1)
Part90.BottomSurface = Enum.SurfaceType.Smooth
Part90.BrickColor = BrickColor.new("Bright red")
Part90.CanCollide = false
Part90.TopSurface = Enum.SurfaceType.Smooth
Part90.brickColor = BrickColor.new("Bright red")
Part90.FormFactor = Enum.FormFactor.Symmetric
Part90.formFactor = Enum.FormFactor.Symmetric
Weld91.Parent = Part90
Weld91.C1 = CFrame.new(-0.108856201, 1.09387398, 0.282699585, -0.966256261, 0.256944329, 0.018118035, -0.255039245, -0.944487631, -0.207118824, -0.0361057147, -0.204750627, 0.978147984)
Weld91.Part0 = Part90
Weld91.Part1 = Part86
Weld91.part1 = Part86
Weld92.Parent = Part90
Weld92.C1 = CFrame.new(0.0311813354, 0.235947609, 0.0772171021, -0.996173859, 0.0869197398, -0.00908779912, -0.0872744322, -0.994850039, 0.0515414923, -0.00456103263, 0.05213736, 0.99862951)
Weld92.Part0 = Part90
Weld92.Part1 = Part88
Weld92.part1 = Part88
Weld93.Parent = Part90
Weld93.Part0 = Part90
Weld93.Part1 = Part90
Weld93.part1 = Part90
Weld94.Parent = Part90
Weld94.C1 = CFrame.new(-0.0353775024, -0.0265130997, 7.62939453e-05, 0.256888926, -0.121874921, 0.958725393, 0.0315429494, 0.992545366, 0.117722251, -0.965925813, -5.36441746e-07, 0.25881815)
Weld94.Part0 = Part90
Weld94.Part1 = Part101
Weld94.part1 = Part101
Weld95.Parent = Part90
Weld95.C1 = CFrame.new(0.0490188599, 0.80872333, 0.011100769, 0.970421374, -0.0143570853, -0.240989044, 0.0108104749, 0.999812603, -0.0160327591, 0.241174027, 0.0129533783, 0.970395148)
Weld95.Part0 = Part90
Weld95.Part1 = Part103
Weld95.part1 = Part103
Weld96.Parent = Part90
Weld96.C1 = CFrame.new(-0.0490188599, 0.80872333, -0.011100769, -0.970421374, 0.0143570853, 0.240989044, 0.0108104749, 0.999812603, -0.0160327591, -0.241174027, -0.0129533783, -0.970395148)
Weld96.Part0 = Part90
Weld96.Part1 = Part105
Weld96.part1 = Part105
Weld97.Parent = Part90
Weld97.C1 = CFrame.new(0.411773682, 0.44832027, -0.0389938354, 0.241174027, 0.0129533783, 0.970395148, 0.0108104749, 0.999812603, -0.0160327591, -0.970421374, 0.0143570853, 0.240989044)
Weld97.Part0 = Part90
Weld97.Part1 = Part107
Weld97.part1 = Part107
Weld98.Parent = Part90
Weld98.C1 = CFrame.new(-0.0481567383, 0.868709683, -0.0118789673, -0.970421374, 0.0143570853, 0.240989044, 0.0108104749, 0.999812603, -0.0160327591, -0.241174027, -0.0129533783, -0.970395148)
Weld98.Part0 = Part90
Weld98.Part1 = Part109
Weld98.part1 = Part109
Weld99.Parent = Part90
Weld99.C1 = CFrame.new(0.0481567383, 0.868709683, 0.0118789673, 0.970421374, -0.0143570853, -0.240989044, 0.0108104749, 0.999812603, -0.0160327591, 0.241174027, 0.0129533783, 0.970395148)
Weld99.Part0 = Part90
Weld99.Part1 = Part111
Weld99.part1 = Part111
Weld100.Parent = Part90
Weld100.C1 = CFrame.new(0.29486084, 0.354091644, 0.119308472, 0.0802609175, -0.153226569, 0.984927058, 0.344317317, 0.931551456, 0.116865285, -0.935416043, 0.329745352, 0.127526462)
Weld100.Part0 = Part90
Weld100.Part1 = Part113
Weld100.part1 = Part113
Part101.Name = "Left Sock"
Part101.Parent = Model85
Part101.CFrame = CFrame.new(-5.73631954, 72.3659973, 36.304142, -0.834723651, -0.102495633, 0.541043341, -0.12187469, 0.992543459, -5.23868721e-07, -0.537008405, -0.0659398139, -0.840993583)
Part101.Orientation = Vector3.new(0, 147.25, -7)
Part101.Position = Vector3.new(-5.73631954, 72.3659973, 36.304142)
Part101.Rotation = Vector3.new(180, 32.75, 173)
Part101.Color = Color3.new(0.898039, 0.894118, 0.87451)
Part101.Size = Vector3.new(1, 1, 1)
Part101.BottomSurface = Enum.SurfaceType.Smooth
Part101.BrickColor = BrickColor.new("Light stone grey")
Part101.CanCollide = false
Part101.Material = Enum.Material.SmoothPlastic
Part101.TopSurface = Enum.SurfaceType.Smooth
Part101.brickColor = BrickColor.new("Light stone grey")
Part101.FormFactor = Enum.FormFactor.Custom
Part101.formFactor = Enum.FormFactor.Custom
SpecialMesh102.Parent = Part101
SpecialMesh102.Scale = Vector3.new(0.998416364, 0.139778286, 0.908559024)
Part103.Name = "Leg1part"
Part103.Parent = Model85
